//------------------------------------------------------------------------------
//
// Sistema de Informações Hidrológicas
// Versão Web 3.0
// © 2001 Agência Nacional de Águas (ANA)
//
// NivelConsistencia: 1 = Bruto, 2 = Consistido
// TipoMedicaoChuvas: 1 = Pluviômetro, 2 = Pluviógrafo, 3 = Data logger
// Status: 0 = Branco, 1 = Real, 2 = Estimado, 3 = Duvidoso, 4 = Acumulado
//
// Restrições da consulta:
//   Código da Estação: 2141009
//
//------------------------------------------------------------------------------

//EstacaoCodigo;NivelConsistencia;Data;TipoMedicaoChuvas;Maxima;Total;DiaMaxima;NumDiasDeChuva;MaximaStatus;TotalStatus;NumDiasDeChuvaStatus;TotalAnual;TotalAnualStatus;Chuva01;Chuva02;Chuva03;Chuva04;Chuva05;Chuva06;Chuva07;Chuva08;Chuva09;Chuva10;Chuva11;Chuva12;Chuva13;Chuva14;Chuva15;Chuva16;Chuva17;Chuva18;Chuva19;Chuva20;Chuva21;Chuva22;Chuva23;Chuva24;Chuva25;Chuva26;Chuva27;Chuva28;Chuva29;Chuva30;Chuva31;Chuva01Status;Chuva02Status;Chuva03Status;Chuva04Status;Chuva05Status;Chuva06Status;Chuva07Status;Chuva08Status;Chuva09Status;Chuva10Status;Chuva11Status;Chuva12Status;Chuva13Status;Chuva14Status;Chuva15Status;Chuva16Status;Chuva17Status;Chuva18Status;Chuva19Status;Chuva20Status;Chuva21Status;Chuva22Status;Chuva23Status;Chuva24Status;Chuva25Status;Chuva26Status;Chuva27Status;Chuva28Status;Chuva29Status;Chuva30Status;Chuva31Status;
02141009;1;01/01/1939;1;50;80,3;25;10;1;1;0;;0;0,5;0;0;0;0;0;0;0;0;0;0;0;0,5;0;0;0;0,9;0,5;0,6;0;0;0;0;0,5;50;0,5;25,4;0,9;0;0;0;1;1;1;1;1;1;1;1;1;1;1;1;1;1;1;1;1;1;1;1;1;1;1;1;1;1;1;1;1;1;1;
02141009;1;01/02/1939;1;25;25,7;9;2;1;1;0;;0;0;0;0;0;0;0;0;0;25;0;0,7;0;0;0;0;0;0;0;0;0;0;0;0;0;0;0;0;0;;;;1;1;1;1;1;1;1;1;1;1;1;1;1;1;1;1;1;1;1;1;1;1;1;1;1;1;1;1;0;0;0;
02141009;1;01/03/1939;1;25;35;30;2;1;1;0;;0;0;0;0;0;0;0;0;0;0;0;0;0;0;0;0;0;0;0;0;0;0;0;0;10;0;0;0;0;0;25;0;1;1;1;1;1;1;1;1;1;1;1;1;1;1;1;1;1;1;1;1;1;1;1;1;1;1;1;1;1;1;1;
02141009;1;01/04/1939;1;25;84,5;6;5;1;1;0;;0;0;0;0;0;0;25;21;0;0;0;0;0;0,5;23;0;0;0;0;15;0;0;0;0;0;0;0;0;0;0;0;;1;1;1;1;1;1;1;1;1;1;1;1;1;1;1;1;1;1;1;1;1;1;1;1;1;1;1;1;1;1;0;
02141009;1;01/05/1939;1;12;12;2;1;1;1;0;;0;0;12;0;0;0;0;0;0;0;0;0;0;0;0;0;0;0;0;0;0;0;0;0;0;0;0;0;0;0;0;0;1;1;1;1;1;1;1;1;1;1;1;1;1;1;1;1;1;1;1;1;1;1;1;1;1;1;1;1;1;1;1;
02141009;1;01/06/1939;1;14;15;2;4;1;1;0;;0;0,4;14;0;0;0,3;0;0;0;0;0;0;0;0;0;0;0;0;0;0;0;0;0;0;0;0;0;0;0;0;0,3;;1;1;1;1;1;1;1;1;1;1;1;1;1;1;1;1;1;1;1;1;1;1;1;1;1;1;1;1;1;1;0;
02141009;1;01/07/1939;1;10;10;18;1;1;1;0;;0;0;0;0;0;0;0;0;0;0;0;0;0;0;0;0;0;0;10;0;0;0;0;0;0;0;0;0;0;0;0;0;1;1;1;1;1;1;1;1;1;1;1;1;1;1;1;1;1;1;1;1;1;1;1;1;1;1;1;1;1;1;1;
02141009;1;01/08/1939;1;14;14,9;24;2;1;1;0;;0;0;0;0;0;0;0;0;0;0;0;0;0;0;0;0;0;0;0;0;0;0;0;0;14;0;0;0,9;0;0;0;0;1;1;1;1;1;1;1;1;1;1;1;1;1;1;1;1;1;1;1;1;1;1;1;1;1;1;1;1;1;1;1;
02141009;1;01/09/1939;1;;22,3;;;0;2;0;;0;;;;;;;;;;;;;;;;;;;;;;;;;;;;;;;;0;0;0;0;0;0;0;0;0;0;0;0;0;0;0;0;0;0;0;0;0;0;0;0;0;0;0;0;0;0;0;
02141009;1;01/10/1939;1;18;35,5;5;5;1;1;0;;0;0;0;0,6;0;18;0,4;0;0;0;0;0;0;0;0;0;0;0;0;0,5;0;0;0;16;0;0;0;0;0;0;0;0;1;1;1;1;1;1;1;1;1;1;1;1;1;1;1;1;1;1;1;1;1;1;1;1;1;1;1;1;1;1;1;
02141009;1;01/11/1939;1;29;116;28;5;1;1;0;;0;0;0;0;0;0;0;0;0;0;0;19;0;0;0;0;0;0;0;0;0;25;0;25;0;0;0;18;29;0;0;;1;1;1;1;1;1;1;1;1;1;1;1;1;1;1;1;1;1;1;1;1;1;1;1;1;1;1;1;1;1;0;
02141009;1;01/12/1939;1;25,4;62,1;9;8;1;1;0;;0;0;0,3;0;0;0;0;0,3;0,5;25,4;0,3;0;0;0;0;0;0;0;0;12;0;0;0;0;0,3;0;0;0;23;0;0;0;1;1;1;1;1;1;1;1;1;1;1;1;1;1;1;1;1;1;1;1;1;1;1;1;1;1;1;1;1;1;1;
02141009;1;01/01/1940;1;25,9;147,2;30;8;1;1;0;877,2;1;0;0;0;0;0;0;0;0;18;0;0;0;0;0;0;0;0;0;0;25,3;0;0,4;12;25,6;0;0;0;15;25;25,9;0;1;1;1;1;1;1;1;1;1;1;1;1;1;1;1;1;1;1;1;1;1;1;1;1;1;1;1;1;1;1;1;
02141009;1;01/02/1940;1;19;107,6;5;8;1;1;0;877,2;1;0;0;0;0;19;16;0,6;18;0;0;0;0;0;0;0;0;0;0;0;0;14;0;15;0;0;12;13;0;0;;;1;1;1;1;1;1;1;1;1;1;1;1;1;1;1;1;1;1;1;1;1;1;1;1;1;1;1;1;1;0;0;
02141009;1;01/03/1940;1;25,3;99,8;16;8;1;1;0;877,2;1;0,5;0;0;13;0;0;0;0;0;0;0;12;0,4;0;0,6;25,3;0;0;0;0;23;25;0;0;0;0;0;0;0;0;0;1;1;1;1;1;1;1;1;1;1;1;1;1;1;1;1;1;1;1;1;1;1;1;1;1;1;1;1;1;1;1;
02141009;1;01/04/1940;1;16;31,3;30;3;1;1;0;877,2;1;0;0;0;0;0;0;0,3;0;0;0;0;0;0;0;0;0;0;15;0;0;0;0;0;0;0;0;0;0;0;16;;1;1;1;1;1;1;1;1;1;1;1;1;1;1;1;1;1;1;1;1;1;1;1;1;1;1;1;1;1;1;0;
02141009;1;01/05/1940;1;13;14,6;19;4;1;1;0;877,2;1;0,6;0;0;0;0;0;0,7;0;0;0;0;0;0;0;0;0;0;0;13;0,3;0;0;0;0;0;0;0;0;0;0;0;1;1;1;1;1;1;1;1;1;1;1;1;1;1;1;1;1;1;1;1;1;1;1;1;1;1;1;1;1;1;1;
02141009;1;01/06/1940;1;25,7;39;9;3;1;1;0;877,2;1;0;0;0;0;0;0;0;13;25,7;0,3;0;0;0;0;0;0;0;0;0;0;0;0;0;0;0;0;0;0;0;0;;1;1;1;1;1;1;1;1;1;1;1;1;1;1;1;1;1;1;1;1;1;1;1;1;1;1;1;1;1;1;0;
02141009;1;01/07/1940;1;0,4;0,7;25;2;1;1;0;877,2;1;0;0;0;0;0;0;0;0;0,3;0;0;0;0;0;0;0;0;0;0;0;0;0;0;0;0,4;0;0;0;0;0;0;1;1;1;1;1;1;1;1;1;1;1;1;1;1;1;1;1;1;1;1;1;1;1;1;1;1;1;1;1;1;1;
02141009;1;01/08/1940;1;0,7;1,2;27;2;1;1;0;877,2;1;0;0;0;0,5;0;0;0;0;0;0;0;0;0;0;0;0;0;0;0;0;0;0;0;0;0;0;0,7;0;0;0;0;1;1;1;1;1;1;1;1;1;1;1;1;1;1;1;1;1;1;1;1;1;1;1;1;1;1;1;1;1;1;1;
02141009;1;01/09/1940;1;25;94,2;25;6;1;1;0;877,2;1;0;0;0;0;0;0;0;0;0;0;0;0;16;0;0;0;0;0;0;0;0;0;0;0,2;25;17;18;18;0;0;;1;1;1;1;1;1;1;1;1;1;1;1;1;1;1;1;1;1;1;1;1;1;1;1;1;1;1;1;1;1;0;
02141009;1;01/10/1940;1;25,9;98,5;27;8;1;1;0;877,2;1;0;0;0;0;0;0;0;0;0;0;0;18;0,3;0;0;0;0;0;0;20;0;0,7;0;0;0;0;25,9;0,6;21;0;12;1;1;1;1;1;1;1;1;1;1;1;1;1;1;1;1;1;1;1;1;1;1;1;1;1;1;1;1;1;1;1;
02141009;1;01/11/1940;1;47;219,5;23;14;1;1;0;877,2;1;0;0;0;0;0;25,5;16;0;25,9;23;0,6;0,3;0;0,6;0,6;43;0;13;0;0;0;0,6;47;0,4;0;0;0;0;0;23;;1;1;1;1;1;1;1;1;1;1;1;1;1;1;1;1;1;1;1;1;1;1;1;1;1;1;1;1;1;1;0;
02141009;1;01/12/1940;1;12;23,6;22;4;1;1;0;877,2;1;0;0;0;0;0;0;0;0;0;0;0;0;0,2;0;0;0;0;0,4;0;0;0;12;0;11;0;0;0;0;0;0;0;1;1;1;1;1;1;1;1;1;1;1;1;1;1;1;1;1;1;1;1;1;1;1;1;1;1;1;1;1;1;1;
02141009;1;01/01/1941;1;42;134,8;14;13;1;1;0;968;1;23;10;0,4;0;0;0;0;0;0;0;0;0;0;42;21;0;0;0;17;0,6;0,7;0,4;0;0,2;0,6;18;0;0,9;0;0;0;1;1;1;1;1;1;1;1;1;1;1;1;1;1;1;1;1;1;1;1;1;1;1;1;1;1;1;1;1;1;1;
02141009;1;01/02/1941;1;50,8;62,6;23;6;1;1;0;968;1;0;0;0;0;0;0;0;0;0;0;0;0;0;0;0;0;0;0;10;0,3;0;0;50,8;0,7;0,6;0,2;0;0;;;;1;1;1;1;1;1;1;1;1;1;1;1;1;1;1;1;1;1;1;1;1;1;1;1;1;1;1;1;0;0;0;
02141009;1;01/03/1941;1;25;72,9;19;7;1;1;0;968;1;0,6;0;0;0;0;0;0,9;0;0;0;0;0;0;0;0;0;20;0,5;25;25;0;0;0;0;0;0;0;0,9;0;0;0;1;1;1;1;1;1;1;1;1;1;1;1;1;1;1;1;1;1;1;1;1;1;1;1;1;1;1;1;1;1;1;
02141009;1;01/04/1941;1;22;66,5;1;8;1;1;0;968;1;22;10;0,5;0,3;11;0;0;0,3;22;0;0;0;0;0;0;0;0;0;0;0,4;0;0;0;0;0;0;0;0;0;0;;1;1;1;1;1;1;1;1;1;1;1;1;1;1;1;1;1;1;1;1;1;1;1;1;1;1;1;1;1;1;0;
02141009;1;01/05/1941;1;25,3;61,2;8;6;1;1;0;968;1;0;0;0;0;0;0;0;25,3;0,3;0;0;0;0;0;0;0;0;0,6;0;0;0;0;0;13;11;0;0;0;0;0;11;1;1;1;1;1;1;1;1;1;1;1;1;1;1;1;1;1;1;1;1;1;1;1;1;1;1;1;1;1;1;1;
02141009;1;01/06/1941;1;14;15;14;2;1;1;0;968;1;0;0;0;0;0;0;0;1;0;0;0;0;0;14;0;0;0;0;0;0;0;0;0;0;0;0;0;0;0;0;;1;1;1;1;1;1;1;1;1;1;1;1;1;1;1;1;1;1;1;1;1;1;1;1;1;1;1;1;1;1;0;
02141009;1;01/07/1941;1;55;94,3;9;4;1;1;0;968;1;0;0;0;0;0;0;0;0;55;0;19;0;0;0;0;0;0,3;0;0;20;0;0;0;0;0;0;0;0;0;0;0;1;1;1;1;1;1;1;1;1;1;1;1;1;1;1;1;1;1;1;1;1;1;1;1;1;1;1;1;1;1;1;
02141009;1;01/08/1941;1;0,5;0,7;18;2;1;1;0;968;1;0;0;0;0;0;0;0;0;0;0;0;0;0;0;0;0;0;0,5;0;0;0;0;0;0;0;0;0,2;0;0;0;0;1;1;1;1;1;1;1;1;1;1;1;1;1;1;1;1;1;1;1;1;1;1;1;1;1;1;1;1;1;1;1;
02141009;1;01/09/1941;1;25,6;56,6;15;10;1;1;0;968;1;0;0;0;16;0;0;12;0;0;0;0;0;0;0;25,6;0,4;0;0,3;0,6;0;0;0,4;0;0;0,4;0,3;0;0,6;0;0;;1;1;1;1;1;1;1;1;1;1;1;1;1;1;1;1;1;1;1;1;1;1;1;1;1;1;1;1;1;1;0;
02141009;1;01/10/1941;1;25,9;28,6;22;6;1;1;0;968;1;0;0;0;0;0;0;0;0;0;0,7;0;0,6;0;0;0;0;0,5;0,6;0,3;0;0;25,9;0;0;0;0;0;0;0;0;0;1;1;1;1;1;1;1;1;1;1;1;1;1;1;1;1;1;1;1;1;1;1;1;1;1;1;1;1;1;1;1;
02141009;1;01/11/1941;1;24;85,7;24;6;1;1;0;968;1;0;0;0;0;0;0;23;22;16;0;0;0;0;0;0;0;0;0,3;0;0;0,4;0;0;24;0;0;0;0;0;0;;1;1;1;1;1;1;1;1;1;1;1;1;1;1;1;1;1;1;1;1;1;1;1;1;1;1;1;1;1;1;0;
02141009;1;01/12/1941;1;50,8;289,1;16;11;1;1;0;968;1;0;0;50,3;0;50,6;13;0;0;0;0;0;22;0;0;0;50,8;0;0;0;0;0;25,9;0;0;50;14;11;0;0;0,8;0,7;1;1;1;1;1;1;1;1;1;1;1;1;1;1;1;1;1;1;1;1;1;1;1;1;1;1;1;1;1;1;1;
02141009;1;01/01/1942;1;50,9;181,2;2;12;1;1;0;1280,8;1;0,3;50,9;0;0,9;0;20;0,4;50,9;25,2;0;0;0,7;0;0;0;0;0;0,5;21;0;0;0;0;0;0,4;10;0;0;0;0;0;1;1;1;1;1;1;1;1;1;1;1;1;1;1;1;1;1;1;1;1;1;1;1;1;1;1;1;1;1;1;1;
02141009;1;01/02/1942;1;0,6;0,9;13;2;1;1;0;1280,8;1;0;0;0;0;0;0;0;0;0;0;0;0;0,6;0;0;0;0;0;0;0,3;0;0;0;0;0;0;0;0;;;;1;1;1;1;1;1;1;1;1;1;1;1;1;1;1;1;1;1;1;1;1;1;1;1;1;1;1;1;0;0;0;
02141009;1;01/03/1942;1;75;147,4;5;6;1;1;0;1280,8;1;16;0,4;11;21;75;0;24;0;0;0;0;0;0;0;0;0;0;0;0;0;0;0;0;0;0;0;0;0;0;0;0;1;1;1;1;1;1;1;1;1;1;1;1;1;1;1;1;1;1;1;1;1;1;1;1;1;1;1;1;1;1;1;
02141009;1;01/04/1942;1;65,9;89,9;21;9;1;1;0;1280,8;1;0;0;0;0;0;0;0;0;11;0,2;0;0;0;0;0;0;0,7;0;0,4;10;65,9;0,7;0,3;0,7;0;0;0;0;0;0;;1;1;1;1;1;1;1;1;1;1;1;1;1;1;1;1;1;1;1;1;1;1;1;1;1;1;1;1;1;1;0;
02141009;1;01/05/1942;1;0,9;1,4;23;3;1;1;0;1280,8;1;0;0;0;0;0;0;0;0,2;0;0;0;0;0;0;0;0;0;0;0;0;0;0;0,9;0,3;0;0;0;0;0;0;0;1;1;1;1;1;1;1;1;1;1;1;1;1;1;1;1;1;1;1;1;1;1;1;1;1;1;1;1;1;1;1;
02141009;1;01/06/1942;1;0,8;2,1;28;4;1;1;0;1280,8;1;0;0;0;0;0;0;0;0;0;0;0;0;0;0;0;0;0;0;0;0;0;0;0,4;0;0;0;0,5;0,8;0,4;0;;1;1;1;1;1;1;1;1;1;1;1;1;1;1;1;1;1;1;1;1;1;1;1;1;1;1;1;1;1;1;0;
02141009;1;01/07/1942;1;10;11,4;12;3;1;1;0;1280,8;1;0,5;0;0;0;0;0;0;0;0;0;0;10;0;0;0;0;0;0;0;0;0;0;0;0,9;0;0;0;0;0;0;0;1;1;1;1;1;1;1;1;1;1;1;1;1;1;1;1;1;1;1;1;1;1;1;1;1;1;1;1;1;1;1;
02141009;1;01/08/1942;1;50;85,5;9;5;1;1;0;1280,8;1;0;0;18;0;0,3;0,2;0;0;50;0;0;0;17;0;0;0;0;0;0;0;0;0;0;0;0;0;0;0;0;0;0;1;1;1;1;1;1;1;1;1;1;1;1;1;1;1;1;1;1;1;1;1;1;1;1;1;1;1;1;1;1;1;
02141009;1;01/09/1942;1;25,2;26,5;17;4;1;1;0;1280,8;1;0;0;0;0;0;0;0;0;0;0;0;0;0;0;0;0;25,2;0,8;0;0;0;0;0;0;0;0;0,2;0;0;0,3;;1;1;1;1;1;1;1;1;1;1;1;1;1;1;1;1;1;1;1;1;1;1;1;1;1;1;1;1;1;1;0;
02141009;1;01/10/1942;1;42;145,7;16;14;1;1;0;1280,8;1;0,4;0;0,3;0,4;0,2;0;0;0;0,2;0,4;0;0;0;0;15;42;0;25,7;0;0;0;0;0;0;12;0,6;38;0;10;0;0,5;1;1;1;1;1;1;1;1;1;1;1;1;1;1;1;1;1;1;1;1;1;1;1;1;1;1;1;1;1;1;1;
02141009;1;01/11/1942;1;28;161,8;10;13;1;1;0;1280,8;1;0;0;0;0;0;0;0;0;25,7;28;0;0;0;0,6;19;0,9;10;4,4;12;0,8;25,1;10;0,3;0;0;0;0;25;0;0;;1;1;1;1;1;1;1;1;1;1;1;1;1;1;1;1;1;1;1;1;1;1;1;1;1;1;1;1;1;1;0;
02141009;1;01/12/1942;1;58;427;16;19;1;1;0;1280,8;1;0;15;36;39;15;0;4;5;57;0;9;0;0;0;30;58;20;14;8;0;0;0;0;0;0;12;24;8;23;9;41;1;1;1;1;1;1;1;1;1;1;1;1;1;1;1;1;1;1;1;1;1;1;1;1;1;1;1;1;1;1;1;
02141009;1;01/01/1943;1;62;244;6;15;1;1;0;1043;1;9;0;0;23;32;62;12;10;18;0;0;8;2;0;0;11;12;3;0;14;16;0;0;0;0;12;0;0;0;0;0;1;1;1;1;1;1;1;1;1;1;1;1;1;1;1;1;1;1;1;1;1;1;1;1;1;1;1;1;1;1;1;
02141009;1;01/02/1943;1;16;53,6;3;9;1;1;0;1043;1;0;0,4;16;14;0;0;0;0;0;0;0;1;10;0,8;11;0,2;0;0,2;0;0;0;0;0;0;0;0;0;0;;;;1;1;1;1;1;1;1;1;1;1;1;1;1;1;1;1;1;1;1;1;1;1;1;1;1;1;1;1;0;0;0;
02141009;1;01/03/1943;1;64;125,3;3;10;1;1;0;1043;1;0;0;64;0;0;0;0,3;0,2;10;8;0;0,3;0;0;0,6;0;0;0;0;0,3;0,6;0;0;0;0;0;0;0;0;0;41;1;1;1;1;1;1;1;1;1;1;1;1;1;1;1;1;1;1;1;1;1;1;1;1;1;1;1;1;1;1;1;
02141009;1;01/04/1943;1;11;12,5;3;6;1;1;0;1043;1;0;0;11;0;0;0;0;0;0;0;0;0;0;0,1;0;0,2;0;0,3;0,7;0;0;0;0;0;0;0,2;0;0;0;0;;1;1;1;1;1;1;1;1;1;1;1;1;1;1;1;1;1;1;1;1;1;1;1;1;1;1;1;1;1;1;0;
02141009;1;01/05/1943;1;0,5;0,9;13;3;1;1;0;1043;1;0;0,1;0;0;0,3;0;0;0;0;0;0;0;0,5;0;0;0;0;0;0;0;0;0;0;0;0;0;0;0;0;0;0;1;1;1;1;1;1;1;1;1;1;1;1;1;1;1;1;1;1;1;1;1;1;1;1;1;1;1;1;1;1;1;
02141009;1;01/06/1943;1;16;18,6;8;9;1;1;0;1043;1;0;0;0;0;0;0,5;0;16;0;0,2;0;0;0;0,2;0;0;0;0,7;0,3;0,5;0,1;0;0;0;0;0;0;0,1;0;0;;1;1;1;1;1;1;1;1;1;1;1;1;1;1;1;1;1;1;1;1;1;1;1;1;1;1;1;1;1;1;0;
02141009;1;01/07/1943;1;0,7;0,7;23;1;1;1;0;1043;1;0;0;0;0;0;0;0;0;0;0;0;0;0;0;0;0;0;0;0;0;0;0;0,7;0;0;0;0;0;0;0;0;1;1;1;1;1;1;1;1;1;1;1;1;1;1;1;1;1;1;1;1;1;1;1;1;1;1;1;1;1;1;1;
02141009;1;01/08/1943;1;20;21;5;5;1;1;0;1043;1;0;0;0;0,2;20;0;0;0,3;0;0;0;0;0;0;0;0;0;0;0;0;0;0;0;0,2;0,3;0;0;0;0;0;0;1;1;1;1;1;1;1;1;1;1;1;1;1;1;1;1;1;1;1;1;1;1;1;1;1;1;1;1;1;1;1;
02141009;1;01/09/1943;1;24;25,9;14;8;1;1;0;1043;1;0;0;0,3;0;0;0,3;0,5;0;0;0;0;0;0;24;0;0;0;0;0;0;0;0;0;0;0,4;0,2;0,1;0;0,1;0;;1;1;1;1;1;1;1;1;1;1;1;1;1;1;1;1;1;1;1;1;1;1;1;1;1;1;1;1;1;1;0;
02141009;1;01/10/1943;1;50,1;233,1;14;22;1;1;0;1043;1;0;0;0,1;0,3;10;25,8;0,1;0,4;0;0;0,1;0,1;0,1;50,1;33;17;10;0,1;0;0;0;37;10;0,2;0;0;0,5;15;0,2;11;12;1;1;1;1;1;1;1;1;1;1;1;1;1;1;1;1;1;1;1;1;1;1;1;1;1;1;1;1;1;1;1;
02141009;1;01/11/1943;1;59;105,4;19;11;1;1;0;1043;1;0,8;0;0;10;0,3;0;0;0;0;0;0,2;0;0;0;0;0;0;0;59;0;0,4;0;0,6;0,9;0,1;0;0;33;0,1;0;;1;1;1;1;1;1;1;1;1;1;1;1;1;1;1;1;1;1;1;1;1;1;1;1;1;1;1;1;1;1;0;
02141009;1;01/12/1943;1;63;202;21;15;1;1;0;1043;1;0,3;27;0,4;0;0,3;0,2;0;18;0;0;0;0,3;0;0,5;0;0;10;0,6;0,4;40;63;25;16;0;0;0;0;0;0;0;0;1;1;1;1;1;1;1;1;1;1;1;1;1;1;1;1;1;1;1;1;1;1;1;1;1;1;1;1;1;1;1;
02141009;1;01/01/1944;1;40;110,4;24;9;1;1;0;1051,8;1;0;0;0;0;0;0;0;0;0;0;0;0;0;0;0;0;0,7;20;0;33;0;0;0,4;40;0,1;0,7;0,5;0;15;0;0;1;1;1;1;1;1;1;1;1;1;1;1;1;1;1;1;1;1;1;1;1;1;1;1;1;1;1;1;1;1;1;
02141009;1;01/02/1944;1;62;163,7;5;20;1;1;0;1051,8;1;0,2;0,8;0,4;0,6;62;0,8;0,1;0,1;52;0,7;0,2;0,8;0,6;21;0;0,2;0,8;0,6;21;0,2;0;0;0;0;0;0;0,6;0;0;;;1;1;1;1;1;1;1;1;1;1;1;1;1;1;1;1;1;1;1;1;1;1;1;1;1;1;1;1;1;0;0;
02141009;1;01/03/1944;1;10;15,3;23;14;1;1;0;1051,8;1;0;0;0;0;0;0;0;0;0,9;0,1;0;0;0;0,5;0,2;0,3;0,4;0,8;0,9;0,1;0;0;10;0,1;0,1;0;0;0,8;0,1;0;0;1;1;1;1;1;1;1;1;1;1;1;1;1;1;1;1;1;1;1;1;1;1;1;1;1;1;1;1;1;1;1;
02141009;1;01/04/1944;1;65;156,8;17;11;1;1;0;1051,8;1;0,3;0;0;0;0;0;0;0;0;0;0;63;0;0;0,1;13;65;0,6;0,7;13;0,5;0,5;0,1;0;0;0;0;0;0;0;;1;1;1;1;1;1;1;1;1;1;1;1;1;1;1;1;1;1;1;1;1;1;1;1;1;1;1;1;1;1;0;
02141009;1;01/05/1944;1;61;102;11;11;1;1;0;1051,8;1;0,2;0;0;0;0,8;0,6;0,8;0;0;0;61;0;0;0;0;0;0,4;11;0,1;0;0;12;0,1;0;15;0;0;0;0;0;0;1;1;1;1;1;1;1;1;1;1;1;1;1;1;1;1;1;1;1;1;1;1;1;1;1;1;1;1;1;1;1;
02141009;1;01/06/1944;1;0,4;1,3;8;6;1;1;0;1051,8;1;0;0;0;0,2;0;0;0;0,4;0;0;0;0;0;0;0;0;0;0;0;0;0;0;0;0;0;0;0,1;0,2;0,1;0,3;;1;1;1;1;1;1;1;1;1;1;1;1;1;1;1;1;1;1;1;1;1;1;1;1;1;1;1;1;1;1;0;
02141009;1;01/07/1944;1;14;29,2;6;10;1;1;0;1051,8;1;0,2;0;0;0;0;14;0;0;0;0,1;0,5;0;0;0,1;13;0;0;0;0;0;0;0;0;0;0,1;0,3;0,7;0,2;0;0;0;1;1;1;1;1;1;1;1;1;1;1;1;1;1;1;1;1;1;1;1;1;1;1;1;1;1;1;1;1;1;1;
02141009;1;01/08/1944;1;0,5;1,3;2;6;1;1;0;1051,8;1;0,4;0,5;0,1;0;0;0;0;0;0;0,1;0;0;0;0;0;0;0;0;0,1;0;0,1;0;0;0;0;0;0;0;0;0;0;1;1;1;1;1;1;1;1;1;1;1;1;1;1;1;1;1;1;1;1;1;1;1;1;1;1;1;1;1;1;1;
02141009;1;01/09/1944;1;0,8;0,9;3;2;1;1;0;1051,8;1;0;0;0,8;0;0;0;0;0,1;0;0;0;0;0;0;0;0;0;0;0;0;0;0;0;0;0;0;0;0;0;0;;1;1;1;1;1;1;1;1;1;1;1;1;1;1;1;1;1;1;1;1;1;1;1;1;1;1;1;1;1;1;0;
02141009;1;01/10/1944;1;23;45,7;29;6;1;1;0;1051,8;1;0;0;0;0;0;0;0;0;0;0;0;0;0;0;0,3;0;0;0;0;0,1;0;0;0;0;0;10;0,3;0;23;12;0;1;1;1;1;1;1;1;1;1;1;1;1;1;1;1;1;1;1;1;1;1;1;1;1;1;1;1;1;1;1;1;
02141009;1;01/11/1944;1;18;102,7;15;12;1;1;0;1051,8;1;11;0;0;0;0;0;14;0,4;0,1;0;0;0;0;0;18;0;0;12;0;0;0;0;15;14;17;0;0,7;0,2;0;0,3;;1;1;1;1;1;1;1;1;1;1;1;1;1;1;1;1;1;1;1;1;1;1;1;1;1;1;1;1;1;1;0;
02141009;1;01/12/1944;1;63;322,5;3;13;1;1;0;1051,8;1;22;0,7;63;47;0,6;0;35;0;0;21;0;0;0;0;0;0;0;0;56;0;0;0;0,2;12;11;11;43;0;0;0;0;1;1;1;1;1;1;1;1;1;1;1;1;1;1;1;1;1;1;1;1;1;1;1;1;1;1;1;1;1;1;1;
02141009;1;01/01/1945;1;49;149,9;12;18;1;1;0;893,4;1;0;11;0,1;0,3;0,4;0;0,3;37;0,7;0;0,9;49;0,1;0;0;0;0;0;0,3;0,1;0,1;14;11;0;0;14;10;0,6;0;0;0;1;1;1;1;1;1;1;1;1;1;1;1;1;1;1;1;1;1;1;1;1;1;1;1;1;1;1;1;1;1;1;
02141009;1;01/02/1945;1;36;73,5;12;9;1;1;0;893,4;1;0,6;21;0;0,1;0;0;0;0;0;0;0,4;36;0,4;0,1;0;0;0;0;0;0;0;0;0;0;0;0;0,9;14;;;;1;1;1;1;1;1;1;1;1;1;1;1;1;1;1;1;1;1;1;1;1;1;1;1;1;1;1;1;0;0;0;
02141009;1;01/03/1945;1;45;87,7;2;15;1;1;0;893,4;1;0,1;45;0,2;0,8;0;0;0,1;0;0;12;0,6;0;0,7;0;0;0;0;0;0,2;0,1;0,2;0,3;0;0;0;12;15;0;0,4;0;0;1;1;1;1;1;1;1;1;1;1;1;1;1;1;1;1;1;1;1;1;1;1;1;1;1;1;1;1;1;1;1;
02141009;1;01/04/1945;1;64;188,1;11;13;1;1;0;893,4;1;0,4;0,3;31;38;12;0,7;0;0;0;0,2;64;13;0;0;0;0;0;0;0,3;0,1;0,1;0;0;0;0;0;0;0;0;28;;1;1;1;1;1;1;1;1;1;1;1;1;1;1;1;1;1;1;1;1;1;1;1;1;1;1;1;1;1;1;0;
02141009;1;01/05/1945;1;21;23,1;15;8;1;1;0;893,4;1;0;0;0;0;0;0;0;0;0;0;0;0,2;0;0;21;0,2;0;0,9;0;0;0;0,3;0,3;0;0,1;0;0;0,1;0;0;0;1;1;1;1;1;1;1;1;1;1;1;1;1;1;1;1;1;1;1;1;1;1;1;1;1;1;1;1;1;1;1;
02141009;1;01/06/1945;1;12;13,5;24;5;1;1;0;893,4;1;0;0;0;0;0;0;0;0;0;0;0;0;0;0;0;0;0;0;0;0;0,4;0;0,1;12;0,8;0,2;0;0;0;0;;1;1;1;1;1;1;1;1;1;1;1;1;1;1;1;1;1;1;1;1;1;1;1;1;1;1;1;1;1;1;0;
02141009;1;01/07/1945;1;0,6;1,2;13;4;1;1;0;893,4;1;0;0;0;0;0;0;0;0;0;0;0;0,1;0,6;0,3;0,2;0;0;0;0;0;0;0;0;0;0;0;0;0;0;0;0;1;1;1;1;1;1;1;1;1;1;1;1;1;1;1;1;1;1;1;1;1;1;1;1;1;1;1;1;1;1;1;
02141009;1;01/08/1945;1;17;18,1;20;5;1;1;0;893,4;1;0;0;0;0;0;0;0,1;0;0;0;0;0;0;0;0;0;0;0;0;17;0,6;0,2;0;0;0;0;0;0;0;0;0,2;1;1;1;1;1;1;1;1;1;1;1;1;1;1;1;1;1;1;1;1;1;1;1;1;1;1;1;1;1;1;1;
02141009;1;01/09/1945;1;17;36,3;10;13;1;1;0;893,4;1;15;0,3;0,2;0,4;0,5;0;0;0;0;17;0,1;0,4;0;0;0;0;0,2;0;0;0,6;0,9;0;0;0;0;0;0;0;0,1;0,6;;1;1;1;1;1;1;1;1;1;1;1;1;1;1;1;1;1;1;1;1;1;1;1;1;1;1;1;1;1;1;0;
02141009;1;01/10/1945;1;12;24,7;6;6;1;1;0;893,4;1;0;0;0;0;0,1;12;0,2;0,3;0,1;0;0;0;0;0;0;0;0;0;0;0;0;0;0;0;0;0;12;0;0;0;0;1;1;1;1;1;1;1;1;1;1;1;1;1;1;1;1;1;1;1;1;1;1;1;1;1;1;1;1;1;1;1;
02141009;1;01/11/1945;1;44;149,4;13;14;1;1;0;893,4;1;0,2;23;11;0;0;0;0;0;0,1;0;0;0;44;0,5;0;0;0;14;0;0;0;16;0,6;15;12;12;0,4;0;0,6;0;;1;1;1;1;1;1;1;1;1;1;1;1;1;1;1;1;1;1;1;1;1;1;1;1;1;1;1;1;1;1;0;
02141009;1;01/12/1945;1;37;127,9;21;20;1;1;0;893,4;1;0;0;0;0;0;0,1;0,1;0;16;14;0,7;0;0,2;0,1;0,2;0,7;0,1;0,1;0,1;0,3;37;20;0,1;0;0,9;0;0;0,2;27;10;0;1;1;1;1;1;1;1;1;1;1;1;1;1;1;1;1;1;1;1;1;1;1;1;1;1;1;1;1;1;1;1;
02141009;1;01/01/1946;1;29;54,9;14;8;1;1;0;887,2;1;14;0,3;0;10;0,4;0;0;0;0;0;0;0;0;29;0,6;0;0;0;0;0,5;0,1;0;0;0;0;0;0;0;0;0;0;1;1;1;1;1;1;1;1;1;1;1;1;1;1;1;1;1;1;1;1;1;1;1;1;1;1;1;1;1;1;1;
02141009;1;01/02/1946;1;12;12,6;10;3;1;1;0;887,2;1;0;0;0;0;0;0;0;0;0;12;0;0,2;0;0;0;0;0;0;0;0;0;0,4;0;0;0;0;0;0;;;;1;1;1;1;1;1;1;1;1;1;1;1;1;1;1;1;1;1;1;1;1;1;1;1;1;1;1;1;0;0;0;
02141009;1;01/03/1946;1;44;140,4;14;11;1;1;0;887,2;1;0;0;0;0;0;0;14;0;0;0;0;0;0;44;30;12;0,8;0,2;0,8;0,1;0,3;0;0;0,2;38;0;0;0;0;0;0;1;1;1;1;1;1;1;1;1;1;1;1;1;1;1;1;1;1;1;1;1;1;1;1;1;1;1;1;1;1;1;
02141009;1;01/04/1946;1;56;164,6;9;12;1;1;0;887,2;1;0;22;0,8;0,6;16;0;0;0;56;0;0;14;0,5;0;0;0;0;21;0,2;0;0;31;0,1;0;0;0;0;0;2,4;0;;1;1;1;1;1;1;1;1;1;1;1;1;1;1;1;1;1;1;1;1;1;1;1;1;1;1;1;1;1;1;0;
02141009;1;01/05/1946;1;50;50,5;27;2;1;1;0;887,2;1;0;0;0;0,5;0;0;0;0;0;0;0;0;0;0;0;0;0;0;0;0;0;0;0;0;0;0;50;0;0;0;0;1;1;1;1;1;1;1;1;1;1;1;1;1;1;1;1;1;1;1;1;1;1;1;1;1;1;1;1;1;1;1;
02141009;1;01/06/1946;1;15;15,5;2;3;1;1;0;887,2;1;0;15;0,3;0;0;0;0;0,2;0;0;0;0;0;0;0;0;0;0;0;0;0;0;0;0;0;0;0;0;0;0;;1;1;1;1;1;1;1;1;1;1;1;1;1;1;1;1;1;1;1;1;1;1;1;1;1;1;1;1;1;1;0;
02141009;1;01/07/1946;1;0,5;1;4;3;1;1;0;887,2;1;0;0;0;0,5;0;0;0;0;0;0;0;0;0;0;0;0;0;0,4;0;0;0;0;0;0,1;0;0;0;0;0;0;0;1;1;1;1;1;1;1;1;1;1;1;1;1;1;1;1;1;1;1;1;1;1;1;1;1;1;1;1;1;1;1;
02141009;1;01/08/1946;1;0,6;2;12;5;1;1;0;887,2;1;0,5;0;0;0;0;0;0;0;0;0;0,4;0,6;0;0;0;0;0;0;0;0;0;0;0,1;0,4;0;0;0;0;0;0;0;1;1;1;1;1;1;1;1;1;1;1;1;1;1;1;1;1;1;1;1;1;1;1;1;1;1;1;1;1;1;1;
02141009;1;01/09/1946;1;15;17,7;30;8;1;1;0;887,2;1;0;0;0;0;0;0;0;0;0;0,3;0,5;0;0;0;0;0,1;0,1;0;0;0;0;0;0;0;0;0,1;0;0,8;0,8;15;;1;1;1;1;1;1;1;1;1;1;1;1;1;1;1;1;1;1;1;1;1;1;1;1;1;1;1;1;1;1;0;
02141009;1;01/10/1946;1;61;176,2;24;12;1;1;0;887,2;1;0;0;0;0;0;0;0;0,4;0;0;0;0;0;0;0;0,2;13;0;27;0,1;18;11;0,4;61;33;12;0,1;0;0;0;0;1;1;1;1;1;1;1;1;1;1;1;1;1;1;1;1;1;1;1;1;1;1;1;1;1;1;1;1;1;1;1;
02141009;1;01/11/1946;1;62;157,3;9;12;1;1;0;887,2;1;0;0,1;0;0;0;0;0;21;62;0,5;0,4;0,1;0;0;0;0;0;0;0;0;35;0,5;0;0;0,5;25;0;0;12;0,2;;1;1;1;1;1;1;1;1;1;1;1;1;1;1;1;1;1;1;1;1;1;1;1;1;1;1;1;1;1;1;0;
02141009;1;01/12/1946;1;45;94,5;26;16;1;1;0;887,2;1;0,4;0;0;0;0;0,5;0,4;0,5;12;0;0;0;0;0;0,3;0,3;0,9;0;0;0;0;0;0,1;0,6;17;45;0,9;0,4;15;0,2;0;1;1;1;1;1;1;1;1;1;1;1;1;1;1;1;1;1;1;1;1;1;1;1;1;1;1;1;1;1;1;1;
02141009;1;01/01/1947;1;25;81,5;21;6;1;1;0;;0;0;0;0;0;21;0;0;0;0,3;0;0;0;0;0;0;0;0;0;0,2;12;25;0;0;23;0;0;0;0;0;0;0;1;1;1;1;1;1;1;1;1;1;1;1;1;1;1;1;1;1;1;1;1;1;1;1;1;1;1;1;1;1;1;
02141009;1;01/02/1947;1;33;181,9;18;10;1;1;0;;0;0;0;0;0;0;0;0;0;0;0;0;0;0;0;0,8;30;18;33;19;0;0;16;21;29;0;15;0;0,1;;;;1;1;1;1;1;1;1;1;1;1;1;1;1;1;1;1;1;1;1;1;1;1;1;1;1;1;1;1;0;0;0;
02141009;1;01/03/1947;1;48;125,9;15;13;1;1;0;;0;0;0;0;0;0;0;0,6;0,3;0;0;0;0,4;0;0;48;0,2;0;34;0,2;0,7;0;0;23;0;0;0,2;17;0,7;0,6;0;0;1;1;1;1;1;1;1;1;1;1;1;1;1;1;1;1;1;1;1;1;1;1;1;1;1;1;1;1;1;1;1;
02141009;1;01/04/1947;1;;18,8;;;0;2;0;;0;0;0;0;0;0;0;0;0;0;0;0;;0;0;0;0;0;0;0;;;;0;0;;0;;0;0;0;;1;1;1;1;1;1;1;1;1;1;1;0;1;1;1;1;1;1;1;0;0;0;1;1;0;1;0;1;1;1;0;
02141009;1;01/05/1947;1;;9,9;;;0;2;0;;0;0;0;0;0;0;0;0;0;0;0;0;;0;0;0;0;0;0;0;0;;0;0;0;;0;0;0;0;0;0;1;1;1;1;1;1;1;1;1;1;1;0;1;1;1;1;1;1;1;1;0;1;1;1;0;1;1;1;1;1;1;
02141009;1;01/06/1947;1;0,1;0,2;17;2;1;1;0;;0;0;0;0;0;0;0;0;0;0;0;0;0;0;0;0;0;0,1;0;0;0;0;0;0;0;0;0,1;0;0;0;0;;1;1;1;1;1;1;1;1;1;1;1;1;1;1;1;1;1;1;1;1;1;1;1;1;1;1;1;1;1;1;0;
02141009;1;01/07/1947;1;19;21,9;9;10;1;1;0;;0;0;0;0;0;0;0,6;0;0,9;19;0;0;0;0;0;0;0;0;0,4;0,1;0;0,4;0,2;0,1;0,1;0;0;0;0,1;0;0;0;1;1;1;1;1;1;1;1;1;1;1;1;1;1;1;1;1;1;1;1;1;1;1;1;1;1;1;1;1;1;1;
02141009;1;01/08/1947;1;25;63,6;11;9;1;1;0;;0;0;0;0;0;0;0;0;0;0,3;0;25;20;0;0;0;0;0;0;0;0;0;0;0;0,2;0,5;0,6;0,4;0,6;16;0;0;1;1;1;1;1;1;1;1;1;1;1;1;1;1;1;1;1;1;1;1;1;1;1;1;1;1;1;1;1;1;1;
02141009;1;01/09/1947;1;27;76,6;14;9;1;1;0;;0;0;0;0;24;11;0,2;0;0,6;0;0;0;0;0;27;0,3;0;0;0;0;0;0;0;0;0;0;13;0,4;0,1;0;0;;1;1;1;1;1;1;1;1;1;1;1;1;1;1;1;1;1;1;1;1;1;1;1;1;1;1;1;1;1;1;0;
02141009;1;01/10/1947;1;24;119,4;29;18;1;1;0;;0;0;0;0,9;0,2;0,9;0,3;3,3;0,9;14;0;0,6;0;0;0;17;0,2;0,1;0;0;0,9;0;0;19;14;22;0;0;0;24;0,7;0,4;1;1;1;1;1;1;1;1;1;1;1;1;1;1;1;1;1;1;1;1;1;1;1;1;1;1;1;1;1;1;1;
02141009;1;01/11/1947;1;24;89;14;14;1;1;0;;0;19;0,4;11;0,8;0;0,3;0;0,3;11;6;0;0;15;24;0,6;0;0;0;0;0;0;0;0;0;0,2;0,2;0,2;0;0;0;;1;1;1;1;1;1;1;1;1;1;1;1;1;1;1;1;1;1;1;1;1;1;1;1;1;1;1;1;1;1;0;
02141009;1;01/12/1947;1;33;207,8;11;21;1;1;0;;0;0;13;14;0,3;0;0;0;0;0;22;33;12;0,7;0,2;13;0;0,5;30;0;0,3;0;11;0,1;0,3;0,1;0,5;17;15;0,8;24;0;1;1;1;1;1;1;1;1;1;1;1;1;1;1;1;1;1;1;1;1;1;1;1;1;1;1;1;1;1;1;1;
02141009;1;01/01/1948;1;45;73,2;13;3;1;1;0;945,8;1;0;0;0;0;0;0;0;0;0;0;28;0;45;0;0;0;0;0;0;0;0;0;0;0;0;0;0;0;0;0;0,2;1;1;1;1;1;1;1;1;1;1;1;1;1;1;1;1;1;1;1;1;1;1;1;1;1;1;1;1;1;1;1;
02141009;1;01/02/1948;1;34;118,9;28;13;1;1;0;945,8;1;0;3,7;0;0;0;0;0;0;0;0,3;12;24;0,7;0,2;0;0,4;14;0;0,2;0;0;0;0;0;0,4;0;18;34;11;;;1;1;1;1;1;1;1;1;1;1;1;1;1;1;1;1;1;1;1;1;1;1;1;1;1;1;1;1;1;0;0;
02141009;1;01/03/1948;1;32;139,3;23;11;1;1;0;945,8;1;4;0;0;0;0,6;12;0;0;0;0;0;24;22;0;0;0;0;13;0,3;0;0;0;32;0;12;19;0;0;0;0;0,4;1;1;1;1;1;1;1;1;1;1;1;1;1;1;1;1;1;1;1;1;1;1;1;1;1;1;1;1;1;1;1;
02141009;1;01/04/1948;1;31;31,9;16;6;1;1;0;945,8;1;0,4;0;0;0;0;0;0;0;0;0;0;0;0;0;0,2;31;0;0;0,1;0;0;0,1;0;0;0;0;0;0,1;0;0;;1;1;1;1;1;1;1;1;1;1;1;1;1;1;1;1;1;1;1;1;1;1;1;1;1;1;1;1;1;1;0;
02141009;1;01/05/1948;1;18;60,4;7;13;1;1;0;945,8;1;0;15;0;13;0,4;0,9;18;0,3;0;0,8;0;0;0;0;0;0;0,1;0;0;0;11;0,2;0;0;0;0;0;0;0,4;0,1;0,2;1;1;1;1;1;1;1;1;1;1;1;1;1;1;1;1;1;1;1;1;1;1;1;1;1;1;1;1;1;1;1;
02141009;1;01/06/1948;1;24;41;2;2;1;1;0;945,8;1;0;24;17;0;0;0;0;0;0;0;0;0;0;0;0;0;0;0;0;0;0;0;0;0;0;0;0;0;0;0;;1;1;1;1;1;1;1;1;1;1;1;1;1;1;1;1;1;1;1;1;1;1;1;1;1;1;1;1;1;1;0;
02141009;1;01/07/1948;1;29;30,2;29;5;1;1;0;945,8;1;0;0;0;0;0;0;0;0,2;0;0,4;0;0;0;0;0;0;0;0;0;0;0;0;0;0;0;0;0;0;29;0,1;0,5;1;1;1;1;1;1;1;1;1;1;1;1;1;1;1;1;1;1;1;1;1;1;1;1;1;1;1;1;1;1;1;
02141009;1;01/08/1948;1;0,5;0,9;27;3;1;1;0;945,8;1;0;0;0;0;0;0;0;0;0;0;0;0;0;0;0;0;0;0;0,2;0;0;0;0;0;0;0;0,5;0;0,2;0;0;1;1;1;1;1;1;1;1;1;1;1;1;1;1;1;1;1;1;1;1;1;1;1;1;1;1;1;1;1;1;1;
02141009;1;01/09/1948;1;19;34;11;2;1;1;0;945,8;1;0;0;0;0;0;0;0;0;0;0;19;15;0;0;0;0;0;0;0;0;0;0;0;0;0;0;0;0;0;0;;1;1;1;1;1;1;1;1;1;1;1;1;1;1;1;1;1;1;1;1;1;1;1;1;1;1;1;1;1;1;0;
02141009;1;01/10/1948;1;16;34;6;8;1;1;0;945,8;1;0;0;0;0;0,5;16;15;0,2;0;0;0;0,9;0;0;0,7;0;0,3;0;0;0;0;0;0;0;0,4;0;0;0;0;0;0;1;1;1;1;1;1;1;1;1;1;1;1;1;1;1;1;1;1;1;1;1;1;1;1;1;1;1;1;1;1;1;
02141009;1;01/11/1948;1;62;83;27;10;1;1;0;945,8;1;0;0;0;0;0;0,5;0;0;0,4;0;0;11;3,2;0,5;0;0,2;0;0,5;0;0,4;4,3;0;0;0;0;0;62;0;0;0;;1;1;1;1;1;1;1;1;1;1;1;1;1;1;1;1;1;1;1;1;1;1;1;1;1;1;1;1;1;1;0;
02141009;1;01/12/1948;1;55;299;18;20;1;1;0;945,8;1;0;0;0,3;16;0,3;0,5;0,2;28;51;0,3;31;0,1;0,6;48;19;11;0;55;0,2;0;0;0;0;0,3;0,9;0;0;0;0;0,3;36;1;1;1;1;1;1;1;1;1;1;1;1;1;1;1;1;1;1;1;1;1;1;1;1;1;1;1;1;1;1;1;
02141009;1;01/01/1949;1;25;206,3;30;14;1;1;0;1058,3;1;4;0;0;0;0;0;0;0;15;17;0;0;0;0;0;21;0;0,3;14;19;0;21;0;12;11;10;15;0;0;25;22;1;1;1;1;1;1;1;1;1;1;1;1;1;1;1;1;1;1;1;1;1;1;1;1;1;1;1;1;1;1;1;
02141009;1;01/02/1949;1;37;139,8;25;11;1;1;0;1058,3;1;0,3;0;0,1;0;0;0;0;29;0,2;0;0;0;0;0;0;0;19;0;0;0,9;0,6;0,7;17;35;37;0;0;0;;;;1;1;1;1;1;1;1;1;1;1;1;1;1;1;1;1;1;1;1;1;1;1;1;1;1;1;1;1;0;0;0;
02141009;1;01/03/1949;1;28;55,5;27;6;1;1;0;1058,3;1;0;0;11;0;0;0;0;0;0,8;0;0;0;0;0;0;0;0;0;0;0;0;0;0;0;0;0,3;28;15;0;0;0,4;1;1;1;1;1;1;1;1;1;1;1;1;1;1;1;1;1;1;1;1;1;1;1;1;1;1;1;1;1;1;1;
02141009;1;01/04/1949;1;62;169;3;8;1;1;0;1058,3;1;0;0;62;24;0,9;39;0,5;0;0;0,3;0;0;0;0;0;0;0;0;0;0;0;0;0;0;42;0;0;0,3;0;0;;1;1;1;1;1;1;1;1;1;1;1;1;1;1;1;1;1;1;1;1;1;1;1;1;1;1;1;1;1;1;0;
02141009;1;01/05/1949;1;12;13,1;26;3;1;1;0;1058,3;1;0;0;0;0;0;0;0;0;0;0;0,2;0;0;0;0;0;0;0;0;0;0;0;0;0,9;0;12;0;0;0;0;0;1;1;1;1;1;1;1;1;1;1;1;1;1;1;1;1;1;1;1;1;1;1;1;1;1;1;1;1;1;1;1;
02141009;1;01/06/1949;1;12;15,2;30;8;1;1;0;1058,3;1;0;0;0;0;0;0;0,3;0;0;0;0,4;0,6;0;0;0;0;0,6;0,5;0;0;0;0;0,2;0;0;0;0;0,6;0;12;;1;1;1;1;1;1;1;1;1;1;1;1;1;1;1;1;1;1;1;1;1;1;1;1;1;1;1;1;1;1;0;
02141009;1;01/07/1949;1;0,7;0,7;18;1;1;1;0;1058,3;1;0;0;0;0;0;0;0;0;0;0;0;0;0;0;0;0;0;0,7;0;0;0;0;0;0;0;0;0;0;0;0;0;1;1;1;1;1;1;1;1;1;1;1;1;1;1;1;1;1;1;1;1;1;1;1;1;1;1;1;1;1;1;1;
02141009;1;01/08/1949;1;0,8;2,2;25;4;1;1;0;1058,3;1;0;0;0;0;0;0;0;0;0;0,5;0,4;0;0;0;0;0;0;0;0;0;0;0;0;0;0,8;0,5;0;0;0;0;0;1;1;1;1;1;1;1;1;1;1;1;1;1;1;1;1;1;1;1;1;1;1;1;1;1;1;1;1;1;1;1;
02141009;1;01/09/1949;1;0,5;0,5;12;1;1;1;0;1058,3;1;0;0;0;0;0;0;0;0;0;0;0;0,5;0;0;0;0;0;0;0;0;0;0;0;0;0;0;0;0;0;0;;1;1;1;1;1;1;1;1;1;1;1;1;1;1;1;1;1;1;1;1;1;1;1;1;1;1;1;1;1;1;0;
02141009;1;01/10/1949;1;54;133,4;28;10;1;1;0;1058,3;1;0;0;0;0;0;0;10;0;0;0;0;19;0;0;0;0,5;15;10;0,3;0;24;0;0;0;0;0,4;0;54;0,2;0;0;1;1;1;1;1;1;1;1;1;1;1;1;1;1;1;1;1;1;1;1;1;1;1;1;1;1;1;1;1;1;1;
02141009;1;01/11/1949;1;50;144,2;10;12;1;1;0;1058,3;1;0;0;0,9;0;0;0,5;0;0;0,8;50;0,2;0,6;0;0;0;0;0;0;0;0;19;0,7;0;45;26;0,2;0,3;0;0;0;;1;1;1;1;1;1;1;1;1;1;1;1;1;1;1;1;1;1;1;1;1;1;1;1;1;1;1;1;1;1;0;
02141009;1;01/12/1949;1;62;178,4;15;11;1;1;0;1058,3;1;0;23;0;0;0;0;0;10;0,3;0;0;0;0,9;0,6;62;20;16;0;0;0;0;0;0,6;31;0;0;0;0;14;0;0;1;1;1;1;1;1;1;1;1;1;1;1;1;1;1;1;1;1;1;1;1;1;1;1;1;1;1;1;1;1;1;
02141009;1;01/01/1950;1;62;330,3;12;15;1;1;0;1031;1;0;29;0;0;0;0;0;0;0;0,5;0;62;35;29;0;61;0;0;0;0;0,8;0,5;11;48;25;0,7;0,3;27;0;0,5;0;1;1;1;1;1;1;1;1;1;1;1;1;1;1;1;1;1;1;1;1;1;1;1;1;1;1;1;1;1;1;1;
02141009;1;01/02/1950;1;21;22,1;4;3;1;1;0;1031;1;0;0;0;21;0,8;0;0;0;0;0;0;0;0;0;0;0;0;0;0;0;0;0;0;0;0;0;0,3;0;;;;1;1;1;1;1;1;1;1;1;1;1;1;1;1;1;1;1;1;1;1;1;1;1;1;1;1;1;1;0;0;0;
02141009;1;01/03/1950;1;62;172,8;16;12;1;1;0;1031;1;0;0;0;0;0;0;0;0;0;0,4;21;0;0;0,6;0;62;16;15;0,6;10;14;0,2;0;16;17;0;0;0;0;0;0;1;1;1;1;1;1;1;1;1;1;1;1;1;1;1;1;1;1;1;1;1;1;1;1;1;1;1;1;1;1;1;
02141009;1;01/04/1950;1;26;38,7;29;6;1;1;0;1031;1;0;0;0;0;0,3;0,4;0,2;0;0;0;0;0;0;0;0,8;0;0;0;0;0;0;0;0;0;0;0;11;0;26;0;;1;1;1;1;1;1;1;1;1;1;1;1;1;1;1;1;1;1;1;1;1;1;1;1;1;1;1;1;1;1;0;
02141009;1;01/05/1950;1;12;14;5;7;1;1;0;1031;1;0;0;0;0,4;12;0;0;0;0;0;0,4;0,2;0,3;0,4;0;0;0;0;0;0;0;0;0;0;0;0;0;0;0;0,3;0;1;1;1;1;1;1;1;1;1;1;1;1;1;1;1;1;1;1;1;1;1;1;1;1;1;1;1;1;1;1;1;
02141009;1;01/06/1950;1;33;33,7;10;4;1;1;0;1031;1;0,2;0;0;0;0;0;0,2;0;0;33;0;0;0;0;0;0;0;0;0;0;0;0;0;0;0,3;0;0;0;0;0;;1;1;1;1;1;1;1;1;1;1;1;1;1;1;1;1;1;1;1;1;1;1;1;1;1;1;1;1;1;1;0;
02141009;1;01/07/1950;1;0,7;1,4;15;3;1;1;0;1031;1;0;0,5;0;0;0;0;0;0;0;0;0;0;0;0;0,7;0;0,2;0;0;0;0;0;0;0;0;0;0;0;0;0;0;1;1;1;1;1;1;1;1;1;1;1;1;1;1;1;1;1;1;1;1;1;1;1;1;1;1;1;1;1;1;1;
02141009;1;01/08/1950;1;3,1;4,4;2;3;1;1;0;1031;1;0;3,1;0,4;0;0;0;0;0;0;0;0;0;0;0;0;0;0;0;0;0;0;0,9;0;0;0;0;0;0;0;0;0;1;1;1;1;1;1;1;1;1;1;1;1;1;1;1;1;1;1;1;1;1;1;1;1;1;1;1;1;1;1;1;
02141009;1;01/09/1950;1;15;16,6;23;6;1;1;0;1031;1;0;0;0;0;0;0;0;0;0;0;0;0;0;0;0,4;0;0;0;0;0;0;0,3;15;0,3;0,2;0,4;0;0;0;0;;1;1;1;1;1;1;1;1;1;1;1;1;1;1;1;1;1;1;1;1;1;1;1;1;1;1;1;1;1;1;0;
02141009;1;01/10/1950;1;26;83,3;23;7;1;1;0;1031;1;0,6;0,9;0;0;0;0;0;0;0;0;0;0;0;0,8;0;0;21;0;0;10;0;0;26;0;24;0;0;0;0;0;0;1;1;1;1;1;1;1;1;1;1;1;1;1;1;1;1;1;1;1;1;1;1;1;1;1;1;1;1;1;1;1;
02141009;1;01/11/1950;1;63;270,1;9;14;1;1;0;1031;1;0,2;0;0;0;0;0,3;26;0;63;0,3;0;0;0;0;0;0;18;58;22;21;0;19;15;0,3;13;0;0;14;0;0;;1;1;1;1;1;1;1;1;1;1;1;1;1;1;1;1;1;1;1;1;1;1;1;1;1;1;1;1;1;1;0;
02141009;1;01/12/1950;1;18;43,6;17;12;1;1;0;1031;1;0,7;0;0;0;0;0,4;11;0,7;0;0;0;0;0,3;0,2;10;0,4;18;0,5;0,8;0,6;0;0;0;0;0;0;0;0;0;0;0;1;1;1;1;1;1;1;1;1;1;1;1;1;1;1;1;1;1;1;1;1;1;1;1;1;1;1;1;1;1;1;
02141009;1;01/01/1951;1;30;92,1;12;10;1;1;0;820,7;1;0;0;0;0;0;0;0,6;16;0,8;0,5;0,2;30;0;0;0;0;0,7;25;0;0;0;0;18;0,3;0;0;0;0;0;0;0;1;1;1;1;1;1;1;1;1;1;1;1;1;1;1;1;1;1;1;1;1;1;1;1;1;1;1;1;1;1;1;
02141009;1;01/02/1951;1;38;125,8;24;10;1;1;0;820,7;1;0;0;0;0;0;0;0;2,5;0,8;19;0;0;0;0;0;0;0;12;21;0;18;0,3;0,2;38;0;0;0;14;;;;1;1;1;1;1;1;1;1;1;1;1;1;1;1;1;1;1;1;1;1;1;1;1;1;1;1;1;1;0;0;0;
02141009;1;01/03/1951;1;56;140,3;19;9;1;1;0;820,7;1;0;0;0;0;0;0;26;0;0,2;0;0;0;0;0;0;0;0;0;56;0;0;0;10;25;0,4;0,4;22;0,3;0;0;0;1;1;1;1;1;1;1;1;1;1;1;1;1;1;1;1;1;1;1;1;1;1;1;1;1;1;1;1;1;1;1;
02141009;1;01/04/1951;1;19;60,1;27;7;1;1;0;820,7;1;0;0;0;0,4;0;0;0;0;12;0;0;0;0;0;0,3;0;0;0;18;0;0;0;0;0;0;0;19;0;0,4;10;;1;1;1;1;1;1;1;1;1;1;1;1;1;1;1;1;1;1;1;1;1;1;1;1;1;1;1;1;1;1;0;
02141009;1;01/05/1951;1;14;15,5;24;5;1;1;0;820,7;1;0,4;0,2;0;0;0;0;0;0;0,4;0;0;0;0;0,5;0;0;0;0;0;0;0;0;0;14;0;0;0;0;0;0;0;1;1;1;1;1;1;1;1;1;1;1;1;1;1;1;1;1;1;1;1;1;1;1;1;1;1;1;1;1;1;1;
02141009;1;01/06/1951;1;15;31,1;12;10;1;1;0;820,7;1;0;0;0;0;0;0;0,2;0,3;0;0,7;12;15;0,6;0;0,4;0;0,9;0,7;0,3;0;0;0;0;0;0;0;0;0;0;0;;1;1;1;1;1;1;1;1;1;1;1;1;1;1;1;1;1;1;1;1;1;1;1;1;1;1;1;1;1;1;0;
02141009;1;01/07/1951;1;22;23;4;4;1;1;0;820,7;1;0;0;0;22;0,2;0;0;0,2;0;0;0;0;0;0;0;0;0;0;0;0;0;0;0;0;0;0;0,6;0;0;0;0;1;1;1;1;1;1;1;1;1;1;1;1;1;1;1;1;1;1;1;1;1;1;1;1;1;1;1;1;1;1;1;
02141009;1;01/08/1951;1;0,6;1;7;2;1;1;0;820,7;1;0;0;0;0;0;0;0,6;0;0;0;0;0,4;0;0;0;0;0;0;0;0;0;0;0;0;0;0;0;0;0;0;0;1;1;1;1;1;1;1;1;1;1;1;1;1;1;1;1;1;1;1;1;1;1;1;1;1;1;1;1;1;1;1;
02141009;1;01/09/1951;1;0,8;0,8;30;1;1;1;0;820,7;1;0;0;0;0;0;0;0;0;0;0;0;0;0;0;0;0;0;0;0;0;0;0;0;0;0;0;0;0;0;0,8;;1;1;1;1;1;1;1;1;1;1;1;1;1;1;1;1;1;1;1;1;1;1;1;1;1;1;1;1;1;1;0;
02141009;1;01/10/1951;1;30;55;20;3;1;1;0;820,7;1;0;0;0;0;0;0;0;0;0;0;0;0;0;0;0;0;0;0;12;30;13;0;0;0;0;0;0;0;0;0;0;1;1;1;1;1;1;1;1;1;1;1;1;1;1;1;1;1;1;1;1;1;1;1;1;1;1;1;1;1;1;1;
02141009;1;01/11/1951;1;41;100;25;4;1;1;0;820,7;1;0;0;0;0;0;0;0;0;0;0;12;0;0;0;0;0;0;0;0;0;0;0;0;0;41;17;30;0;0;0;;1;1;1;1;1;1;1;1;1;1;1;1;1;1;1;1;1;1;1;1;1;1;1;1;1;1;1;1;1;1;0;
02141009;1;01/12/1951;1;54;176;8;14;1;1;0;820,7;1;0;0,7;10;0,3;0;0;0,4;54;0;0,5;0;0;0;0;0;28;0;0;0;0;0;40;0;4,8;0,3;1,6;21;0;14;0,4;0;1;1;1;1;1;1;1;1;1;1;1;1;1;1;1;1;1;1;1;1;1;1;1;1;1;1;1;1;1;1;1;
02141009;1;01/01/1952;1;50;155,8;26;17;1;1;0;;0;17;0;0,2;0;0;0,4;0,3;0,9;0;0;0;0;14;0,3;32;0,9;0,3;0,8;0;0;0;0;10;10;18;50;0,4;0;0;0;0,3;1;1;1;1;1;1;1;1;1;1;1;1;1;1;1;1;1;1;1;1;1;1;1;1;1;1;1;1;1;1;1;
02141009;1;01/02/1952;1;30;167,8;28;15;1;1;0;;0;0;18;25;0;12;19;0,3;0,2;0,4;0;0;0;0,9;0,8;22;0;0;0;0;0;0;0;0,2;0;14;0;11;30;14;;;1;1;1;1;1;1;1;1;1;1;1;1;1;1;1;1;1;1;1;1;1;1;1;1;1;1;1;1;1;0;0;
02141009;1;01/03/1952;1;32;103,6;12;5;1;1;0;;0;15;28;28;0,6;0;0;0;0;0;0;0;32;0;0;0;0;0;0;0;0;0;0;0;0;0;0;0;0;0;0;0;1;1;1;1;1;1;1;1;1;1;1;1;1;1;1;1;1;1;1;1;1;1;1;1;1;1;1;1;1;1;1;
02141009;1;01/04/1952;1;16;33,4;12;6;1;1;0;;0;0;0;0;0;0;0;0;0,6;0;0;0;16;0;0;0;0;0;0;0;0;0;0,5;0,2;16;0;0;0;0;0,1;0;;1;1;1;1;1;1;1;1;1;1;1;1;1;1;1;1;1;1;1;1;1;1;1;1;1;1;1;1;1;1;0;
02141009;1;01/05/1952;1;11;11,4;7;2;1;1;0;;0;0;0;0;0;0;0;11;0;0;0;0;0;0;0;0;0;0;0;0;0;0;0;0;0;0;0,4;0;0;0;0;0;1;1;1;1;1;1;1;1;1;1;1;1;1;1;1;1;1;1;1;1;1;1;1;1;1;1;1;1;1;1;1;
02141009;1;01/06/1952;1;16;27,4;17;6;1;1;0;;0;0;0;0;0;0;0,2;0;0;0;0,3;0,3;0;10;0;0;0;16;0,6;0;0;0;0;0;0;0;0;0;0;0;0;;1;1;1;1;1;1;1;1;1;1;1;1;1;1;1;1;1;1;1;1;1;1;1;1;1;1;1;1;1;1;0;
02141009;1;01/07/1952;1;;14,4;;;0;2;0;;0;;;;;;;;;;;;;;;;;;;;;;;;;;;;;;;;0;0;0;0;0;0;0;0;0;0;0;0;0;0;0;0;0;0;0;0;0;0;0;0;0;0;0;0;0;0;0;
02141009;1;01/08/1952;1;14;26,7;20;5;1;1;0;;0;0;0;0;0;0;0,7;0;0;0;0;0;0;0;0;0;0;0;0;0;14;0;0,4;0;0,6;0;0;11;0;0;0;0;1;1;1;1;1;1;1;1;1;1;1;1;1;1;1;1;1;1;1;1;1;1;1;1;1;1;1;1;1;1;1;
02141009;1;01/09/1952;1;14;53,3;9;6;1;1;0;;0;0;0;0;0;0;0,1;0;0;14;0;0;0;0;0;0;0;0;13;0;14;12;0,2;0;0;0;0;0;0;0;0;;1;1;1;1;1;1;1;1;1;1;1;1;1;1;1;1;1;1;1;1;1;1;1;1;1;1;1;1;1;1;0;
02141009;1;01/10/1952;1;41;83,5;24;6;1;1;0;;0;0;0;0;0;0;0;0;0;0,3;0;0;0;0;0;0;0;0;0;0;17;0;0;0;41;0,4;0;24;0;0,8;0;0;1;1;1;1;1;1;1;1;1;1;1;1;1;1;1;1;1;1;1;1;1;1;1;1;1;1;1;1;1;1;1;
02141009;1;01/11/1952;1;58;257,2;11;15;1;1;0;;0;0,4;0,3;0,3;23;22;0;0,5;0;50;13;58;0,4;0;0;0;0;0;29;34;0;25;0;0;0;0;0,7;0,6;0;0;0;;1;1;1;1;1;1;1;1;1;1;1;1;1;1;1;1;1;1;1;1;1;1;1;1;1;1;1;1;1;1;0;
02141009;1;01/12/1952;1;40;197,8;6;13;1;1;0;;0;38;0;0;0;13;40;31;0;0;0;0,7;16;18;0,3;0;0,4;0;0;0;25;0,9;14;0;0,5;0;0;0;0;0;0;0;1;1;1;1;1;1;1;1;1;1;1;1;1;1;1;1;1;1;1;1;1;1;1;1;1;1;1;1;1;1;1;
02141009;1;01/01/1953;1;;36;;;0;2;0;;0;;;;;;;;;;;;;;;;;;;;;;;;;;;;;;;;0;0;0;0;0;0;0;0;0;0;0;0;0;0;0;0;0;0;0;0;0;0;0;0;0;0;0;0;0;0;0;
02141009;1;01/02/1953;1;41;135,7;14;6;1;1;0;;0;0;0;22;0;0;0;0;0;0;0;0;0;21;41;19;0,7;0;0;0;0;0;0;0;0;32;0;0;0;;;;1;1;1;1;1;1;1;1;1;1;1;1;1;1;1;1;1;1;1;1;1;1;1;1;1;1;1;1;0;0;0;
02141009;1;01/03/1953;1;22;48,6;22;8;1;1;0;;0;0;0;0;0;0;0;0;0;0;0;0,2;0;0,4;0;0;0;0;0;0;0;0,2;22;12;0;13;0;0;0;0;0,5;0,3;1;1;1;1;1;1;1;1;1;1;1;1;1;1;1;1;1;1;1;1;1;1;1;1;1;1;1;1;1;1;1;
02141009;1;01/04/1953;1;25;57,1;22;11;1;1;0;;0;0;0;0;0;0;0;0;0,5;0,6;0;12;0,7;0;0;0;0;0,2;0,5;0;0;0;25;0,1;0,4;0,1;0;17;0;0;0;;1;1;1;1;1;1;1;1;1;1;1;1;1;1;1;1;1;1;1;1;1;1;1;1;1;1;1;1;1;1;0;
02141009;1;01/05/1953;1;17;45,8;17;8;1;1;0;;0;0;0;0;12;14;0;0;0;0,6;0;0;0,8;0,8;0;0;0;17;0,3;0;0,3;0;0;0;0;0;0;0;0;0;0;0;1;1;1;1;1;1;1;1;1;1;1;1;1;1;1;1;1;1;1;1;1;1;1;1;1;1;1;1;1;1;1;
02141009;1;01/06/1953;1;;12,2;;;0;2;0;;0;;0;0;0;0;0;0;0;0;;0;0;0;0;0;0;0;0;0;0;0;0;0;;0;0;0;0;;0;;0;1;1;1;1;1;1;1;1;0;1;1;1;1;1;1;1;1;1;1;1;1;1;0;1;1;1;1;0;1;0;
02141009;1;01/07/1953;1;0,3;0,3;10;1;1;1;0;;0;0;0;0;0;0;0;0;0;0;0,3;0;0;0;0;0;0;0;0;0;0;0;0;0;0;0;0;0;0;0;0;0;1;1;1;1;1;1;1;1;1;1;1;1;1;1;1;1;1;1;1;1;1;1;1;1;1;1;1;1;1;1;1;
02141009;1;01/08/1953;1;;20,1;;;0;2;0;;0;0;0;;0;0;0;0;0;0;0;0;0;0;0;0;0;0;0;0;0;0;0;0;;;0;0;0;0;0;;1;1;0;1;1;1;1;1;1;1;1;1;1;1;1;1;1;1;1;1;1;1;1;0;0;1;1;1;1;1;0;
02141009;1;01/09/1953;1;36;89,2;6;5;1;1;0;;0;0,2;0;0;0;0;36;0;0;0;0;15;20;18;0;0;0;0;0;0;0;0;0;0;0;0;0;0;0;0;0;;1;1;1;1;1;1;1;1;1;1;1;1;1;1;1;1;1;1;1;1;1;1;1;1;1;1;1;1;1;1;0;
02141009;1;01/10/1953;1;11;11,8;13;4;1;1;0;;0;0;0;0;0;0;0;0,1;0;0;0;0;0;11;0,2;0;0;0;0;0;0;0;0;0;0;0;0;0;0;0;0;0,5;1;1;1;1;1;1;1;1;1;1;1;1;1;1;1;1;1;1;1;1;1;1;1;1;1;1;1;1;1;1;1;
02141009;1;01/11/1953;1;60;205,6;25;12;1;1;0;;0;20;0;0,1;0,3;0;0;27;33;0,3;0;0;22;0;0;0;0;0;0;0,2;42;0;0;0,2;0,5;60;0;0;0;0;0;;1;1;1;1;1;1;1;1;1;1;1;1;1;1;1;1;1;1;1;1;1;1;1;1;1;1;1;1;1;1;0;
02141009;1;01/12/1953;1;49;180,8;5;14;1;1;0;;0;0,4;0;0;25;49;35;0,3;0,5;0;0;0;0,6;19;0,7;0;0;16;0;0;0;0;0,3;12;0;11;0;0;0;11;0;0;1;1;1;1;1;1;1;1;1;1;1;1;1;1;1;1;1;1;1;1;1;1;1;1;1;1;1;1;1;1;1;
02141009;1;01/01/1954;1;31;31,2;4;2;1;1;0;609,1;1;0;0,2;0;31;0;0;0;0;0;0;0;0;0;0;0;0;0;0;0;0;0;0;0;0;0;0;0;0;0;0;0;1;1;1;1;1;1;1;1;1;1;1;1;1;1;1;1;1;1;1;1;1;1;1;1;1;1;1;1;1;1;1;
02141009;1;01/02/1954;1;0,2;0,2;16;1;1;1;0;609,1;1;0;0;0;0;0;0;0;0;0;0;0;0;0;0;0;0,2;0;0;0;0;0;0;0;0;0;0;0;0;;;;1;1;1;1;1;1;1;1;1;1;1;1;1;1;1;1;1;1;1;1;1;1;1;1;1;1;1;1;0;0;0;
02141009;1;01/03/1954;1;64;185,5;30;6;1;1;0;609,1;1;0;0;0;0;0;0;0;0;0;0;0;0;0;0;0;0;0;0;25;0;18;0;0;17;0;0;0;0,5;0;64;61;1;1;1;1;1;1;1;1;1;1;1;1;1;1;1;1;1;1;1;1;1;1;1;1;1;1;1;1;1;1;1;
02141009;1;01/04/1954;1;31;54,9;1;9;1;1;0;609,1;1;31;0,6;0;0,2;0;0;0;0,6;0,2;0;0;0,7;0,4;21;0;0;0;0;0,2;0;0;0;0;0;0;0;0;0;0;0;;1;1;1;1;1;1;1;1;1;1;1;1;1;1;1;1;1;1;1;1;1;1;1;1;1;1;1;1;1;1;0;
02141009;1;01/05/1954;1;28;90,5;13;5;1;1;0;609,1;1;0;0;23;0;0;17;0;0;0;0;0,5;0;28;0;0;0;0;0;0;0;22;0;0;0;0;0;0;0;0;0;0;1;1;1;1;1;1;1;1;1;1;1;1;1;1;1;1;1;1;1;1;1;1;1;1;1;1;1;1;1;1;1;
02141009;1;01/06/1954;1;0,8;1,4;1;3;1;1;0;609,1;1;0,8;0;0;0;0;0,5;0,1;0;0;0;0;0;0;0;0;0;0;0;0;0;0;0;0;0;0;0;0;0;0;0;;1;1;1;1;1;1;1;1;1;1;1;1;1;1;1;1;1;1;1;1;1;1;1;1;1;1;1;1;1;1;0;
02141009;1;01/07/1954;1;0,6;1,9;19;4;1;1;0;609,1;1;0;0;0;0;0;0;0;0;0;0;0;0;0;0;0;0,2;0;0;0,6;0,5;0;0;0,6;0;0;0;0;0;0;0;0;1;1;1;1;1;1;1;1;1;1;1;1;1;1;1;1;1;1;1;1;1;1;1;1;1;1;1;1;1;1;1;
02141009;1;01/08/1954;1;11;12;28;3;1;1;0;609,1;1;0;0;0;0;0;0;0;0;0;0;0;0;0;0;0;0;0;0;0;0;0;0;0;0;0;0;0,6;11;0;0,4;0;1;1;1;1;1;1;1;1;1;1;1;1;1;1;1;1;1;1;1;1;1;1;1;1;1;1;1;1;1;1;1;
02141009;1;01/09/1954;1;16;16,2;14;2;1;1;0;609,1;1;0;0;0;0;0;0;0;0;0;0;0;0;0;16;0;0,2;0;0;0;0;0;0;0;0;0;0;0;0;0;0;;1;1;1;1;1;1;1;1;1;1;1;1;1;1;1;1;1;1;1;1;1;1;1;1;1;1;1;1;1;1;0;
02141009;1;01/10/1954;1;22;94,3;3;12;1;1;0;609,1;1;0;0,4;22;13;0;0;0,4;0;0;0;0;0,5;0;0;0;0;0,1;0,4;16;0,3;0,2;0;0;0;0;0;0;0;0;20;21;1;1;1;1;1;1;1;1;1;1;1;1;1;1;1;1;1;1;1;1;1;1;1;1;1;1;1;1;1;1;1;
02141009;1;01/11/1954;1;20;66,3;16;8;1;1;0;609,1;1;18;0;0;0;0;0,8;0;0;0;0;12;14;0,2;0;0,6;20;0,7;0;0;0;0;0;0;0;0;0;0;0;0;0;;1;1;1;1;1;1;1;1;1;1;1;1;1;1;1;1;1;1;1;1;1;1;1;1;1;1;1;1;1;1;0;
02141009;1;01/12/1954;1;29;54,7;28;13;1;1;0;609,1;1;0,7;0;0,3;0,4;0;0;0;0,9;0;0,5;0,2;21;0,3;0,4;0;0;0;0;0;0,3;0,1;0;0;0;0;0;0;29;0,6;0;0;1;1;1;1;1;1;1;1;1;1;1;1;1;1;1;1;1;1;1;1;1;1;1;1;1;1;1;1;1;1;1;
02141009;1;01/01/1955;1;33;148,1;2;10;1;1;0;;0;0;33;0;0;0;0;0;0;0;0;0;0;0;21;18;16;0,5;32;0;0;11;0;0,2;0,4;16;0;0;0;0;0;0;1;1;1;1;1;1;1;1;1;1;1;1;1;1;1;1;1;1;1;1;1;1;1;1;1;1;1;1;1;1;1;
02141009;1;01/02/1955;1;13;13,4;6;2;1;1;0;;0;0;0;0;0;0,4;13;0;0;0;0;0;0;0;0;0;0;0;0;0;0;0;0;0;0;0;0;0;0;;;;1;1;1;1;1;1;1;1;1;1;1;1;1;1;1;1;1;1;1;1;1;1;1;1;1;1;1;1;0;0;0;
02141009;1;01/03/1955;1;13;15,4;16;5;1;1;0;;0;0;0;0;0;0;0;0,8;0;0;0;0,9;0;0;0;0;13;0;0;0,3;0;0;0;0;0;0;0;0;0;0;0;0,4;1;1;1;1;1;1;1;1;1;1;1;1;1;1;1;1;1;1;1;1;1;1;1;1;1;1;1;1;1;1;1;
02141009;1;01/04/1955;1;19;75,1;17;11;1;1;0;;0;0;11;0;0,3;16;17;0;0;0,6;0;0,3;0;10;0,4;0;0;19;0;0;0;0;0;0;0;0;0;0;0;0,3;0,2;;1;1;1;1;1;1;1;1;1;1;1;1;1;1;1;1;1;1;1;1;1;1;1;1;1;1;1;1;1;1;0;
02141009;1;01/05/1955;1;18;79,1;31;10;1;1;0;;0;13;0,2;10;0,5;0;10;0;0;0;0;0;0;0;0;0;0;11;0;0;0;0;0;15;0,8;0;0;0;0;0;0,6;18;1;1;1;1;1;1;1;1;1;1;1;1;1;1;1;1;1;1;1;1;1;1;1;1;1;1;1;1;1;1;1;
02141009;1;01/06/1955;1;;22,3;;;0;2;0;;0;;0;0;0;0;0;0;0;;;0;0;0;0;0;0;0;0;0;0;0;0;0;0;0;0;0;0;0;;;0;1;1;1;1;1;1;1;0;0;1;1;1;1;1;1;1;1;1;1;1;1;1;1;1;1;1;1;1;0;0;
02141009;1;01/07/1955;1;0,9;1,5;9;2;1;1;0;;0;0;0;0;0;0;0;0;0,6;0,9;0;0;0;0;0;0;0;0;0;0;0;0;0;0;0;0;0;0;0;0;0;0;1;1;1;1;1;1;1;1;1;1;1;1;1;1;1;1;1;1;1;1;1;1;1;1;1;1;1;1;1;1;1;
02141009;1;01/08/1955;1;0,4;0,7;6;2;1;1;0;;0;0;0;0;0;0;0,4;0;0;0;0;0;0;0,3;0;0;0;0;0;0;0;0;0;0;0;0;0;0;0;0;0;0;1;1;1;1;1;1;1;1;1;1;1;1;1;1;1;1;1;1;1;1;1;1;1;1;1;1;1;1;1;1;1;
02141009;1;01/09/1955;1;0,8;0,9;26;2;1;1;0;;0;0;0;0;0;0;0;0;0;0;0;0;0;0;0;0;0;0;0,1;0;0;0;0;0;0;0;0,8;0;0;0;0;;1;1;1;1;1;1;1;1;1;1;1;1;1;1;1;1;1;1;1;1;1;1;1;1;1;1;1;1;1;1;0;
02141009;1;01/10/1955;1;14;48,7;16;12;1;1;0;;0;0;0,1;0,2;0;0;0;0;0,3;0,2;0;0;0;0;11;10;14;0,1;0;0;0;0;0;12;0;0,2;0,4;0;0,2;0;0;0;1;1;1;1;1;1;1;1;1;1;1;1;1;1;1;1;1;1;1;1;1;1;1;1;1;1;1;1;1;1;1;
02141009;1;01/11/1955;1;22;157,8;10;14;1;1;0;;0;20;0,4;20;0;0;0;21;0,5;21;22;0,9;0,8;0;0;0;0;0;0,4;0,8;21;0;18;11;0;0;0;0;0;0;0;;1;1;1;1;1;1;1;1;1;1;1;1;1;1;1;1;1;1;1;1;1;1;1;1;1;1;1;1;1;1;0;
02141009;1;01/12/1955;1;25;133,6;17;14;1;1;0;;0;0;0;0;0;0;0;0,3;0;0;21;0;0;0;11;0;0,8;25;0;0,6;0;0;20;18;17;0;0,6;18;0;0,6;0,4;0,3;1;1;1;1;1;1;1;1;1;1;1;1;1;1;1;1;1;1;1;1;1;1;1;1;1;1;1;1;1;1;1;
02141009;1;01/01/1956;1;13;13;2;1;1;1;0;;0;0;13;0;0;0;0;0;0;0;0;0;0;0;0;0;0;0;0;0;0;0;0;0;0;0;0;0;0;0;0;0;1;1;1;1;1;1;1;1;1;1;1;1;1;1;1;1;1;1;1;1;1;1;1;1;1;1;1;1;1;1;1;
02141009;1;01/02/1956;1;19;60,8;29;5;1;1;0;;0;0;0;0;0;0;0;0;0;0;0;0;0;0;0;0;17;13;0;0;0,8;0;0;0;0;0;0;0;11;19;;;1;1;1;1;1;1;1;1;1;1;1;1;1;1;1;1;1;1;1;1;1;1;1;1;1;1;1;1;1;0;0;
02141009;1;01/03/1956;1;20;40,3;19;4;1;1;0;;0;0,8;19;0;0;0;0;0;0;0;0;0,5;0;0;0;0;0;0;0;20;0;0;0;0;0;0;0;0;0;0;0;0;1;1;1;1;1;1;1;1;1;1;1;1;1;1;1;1;1;1;1;1;1;1;1;1;1;1;1;1;1;1;1;
02141009;1;01/04/1956;1;11;24,3;21;8;1;1;0;;0;0;0;0;0;0;0;0;0;0;0;0,8;0,7;0;0;0,3;0;0,7;0;0,6;10;11;0,2;0;0;0;0;0;0;0;0;;1;1;1;1;1;1;1;1;1;1;1;1;1;1;1;1;1;1;1;1;1;1;1;1;1;1;1;1;1;1;0;
02141009;1;01/05/1956;1;15;17,5;17;9;1;1;0;;0;0;0;0;0;0;0;0;0,1;0;0,2;0;0,5;0;0;0;0;15;0;0;0;0,3;0;0;0;0,7;0,2;0;0;0,2;0;0,3;1;1;1;1;1;1;1;1;1;1;1;1;1;1;1;1;1;1;1;1;1;1;1;1;1;1;1;1;1;1;1;
02141009;1;01/06/1956;1;;13,1;;;0;2;0;;0;0;0;;0;0;0;0;0;0;0;;;0;;0;0;0;0;0;0;0;0;0;0;0;0;0;0;0;;;1;1;0;1;1;1;1;1;1;1;0;0;1;0;1;1;1;1;1;1;1;1;1;1;1;1;1;1;1;0;0;
02141009;1;01/07/1956;1;;13,8;;;0;2;0;;0;0;;0;0;0;0;0;0;0;0;0;0;0;0;0;0;0;0;0;0;0;0;;0;0;0;0;0;0;0;0;1;0;1;1;1;1;1;1;1;1;1;1;1;1;1;1;1;1;1;1;1;1;0;1;1;1;1;1;1;1;1;
02141009;1;01/08/1956;1;0,9;2,6;8;7;1;1;0;;0;0;0;0;0,2;0,3;0;0,1;0,9;0;0,2;0;0;0,7;0;0,2;0;0;0;0;0;0;0;0;0;0;0;0;0;0;0;0;1;1;1;1;1;1;1;1;1;1;1;1;1;1;1;1;1;1;1;1;1;1;1;1;1;1;1;1;1;1;1;
02141009;1;01/09/1956;1;25;26,4;28;4;1;1;0;;0;0;0;0;0,3;0;0;0;0;0;0;0;0;0;0;0;0;0;0;0;0;0;0;0;0;0;0;0,3;25;0,8;0;;1;1;1;1;1;1;1;1;1;1;1;1;1;1;1;1;1;1;1;1;1;1;1;1;1;1;1;1;1;1;0;
02141009;1;01/10/1956;1;22;79,9;11;9;1;1;0;;0;0,1;0,4;0;0;0;0;0;0;0;0;22;0,8;0;0;17;0;0;0;0;0;0;0;11;0;0;0;0;0;0,6;17;11;1;1;1;1;1;1;1;1;1;1;1;1;1;1;1;1;1;1;1;1;1;1;1;1;1;1;1;1;1;1;1;
02141009;1;01/11/1956;1;34;73,8;26;15;1;1;0;;0;0,2;0;0;0;10;12;0,6;0;0;13;0;0,7;0,3;0,5;0,8;0;0,3;0;0;0,3;0;0;0;0;0,2;34;0,4;0,5;0;0;;1;1;1;1;1;1;1;1;1;1;1;1;1;1;1;1;1;1;1;1;1;1;1;1;1;1;1;1;1;1;0;
02141009;1;01/12/1956;1;46;190,7;8;13;1;1;0;;0;0;0;0;0;0;0;19;46;15;0,5;0;0;0;0;20;0,8;0;0;0;14;0,4;0,6;0;0;32;30;12;0;0;0;0,4;1;1;1;1;1;1;1;1;1;1;1;1;1;1;1;1;1;1;1;1;1;1;1;1;1;1;1;1;1;1;1;
02141009;1;01/01/1957;1;22;40,6;10;6;1;1;0;;0;16;0,4;0;0,6;0;0;0;0;0;22;0;0;0;0;0;0;0;0,9;0,7;0;0;0;0;0;0;0;0;0;0;0;0;1;1;1;1;1;1;1;1;1;1;1;1;1;1;1;1;1;1;1;1;1;1;1;1;1;1;1;1;1;1;1;
02141009;1;01/02/1957;1;62;149,4;11;9;1;1;0;;0;0;0;0;0;0;0;0;0;0;0,5;62;26;0;0,5;10;19;0;0;0,4;0;0;13;0;18;0;0;0;0;;;;1;1;1;1;1;1;1;1;1;1;1;1;1;1;1;1;1;1;1;1;1;1;1;1;1;1;1;1;0;0;0;
02141009;1;01/03/1957;1;46;125,8;24;9;1;1;0;;0;0;0;0,9;0;0;0;0,7;0;0;0,2;0;0;10;19;20;0;0;0;11;0;0;0;18;46;0;0;0;0;0;0;0;1;1;1;1;1;1;1;1;1;1;1;1;1;1;1;1;1;1;1;1;1;1;1;1;1;1;1;1;1;1;1;
02141009;1;01/04/1957;1;61;175;10;8;1;1;0;;0;0;0,1;0;0;15;21;60;0;0;61;0,7;0;0;17;0;0;0;0;0;0;0;0;0;0;0;0;0;0;0;0,2;;1;1;1;1;1;1;1;1;1;1;1;1;1;1;1;1;1;1;1;1;1;1;1;1;1;1;1;1;1;1;0;
02141009;1;01/05/1957;1;17;31,8;6;11;1;1;0;;0;0;0;0;0,5;0,7;17;10;0;0,8;0;0,7;0,5;0;0;0;0;0;0;0;0;0;0;0;0;0;0;0,7;0,2;0;0,4;0,3;1;1;1;1;1;1;1;1;1;1;1;1;1;1;1;1;1;1;1;1;1;1;1;1;1;1;1;1;1;1;1;
02141009;1;01/06/1957;1;;15,8;;;0;2;0;;0;;0;0;0;0;0;0;0;0;0;0;0;0;;0;0;;;;0;0;0;0;0;0;0;0;0;0;0;;0;1;1;1;1;1;1;1;1;1;1;1;1;0;1;1;0;0;0;1;1;1;1;1;1;1;1;1;1;1;0;
02141009;1;01/07/1957;1;;16,3;;;0;2;0;;0;0;0;0;0;0;;;0;0;0;0;0;0;0;0;;0;0;0;0;0;0;0;0;;0;0;0;0;0;0;1;1;1;1;1;0;0;1;1;1;1;1;1;1;1;0;1;1;1;1;1;1;1;1;0;1;1;1;1;1;1;
02141009;1;01/08/1957;1;0,1;0,1;31;1;1;1;0;;0;0;0;0;0;0;0;0;0;0;0;0;0;0;0;0;0;0;0;0;0;0;0;0;0;0;0;0;0;0;0;0,1;1;1;1;1;1;1;1;1;1;1;1;1;1;1;1;1;1;1;1;1;1;1;1;1;1;1;1;1;1;1;1;
02141009;1;01/09/1957;1;21;88,9;30;14;1;1;0;;0;0,2;0;0,8;0,6;0;0;0;0;0,3;0;0;0;11;15;0;0;0;0;0,3;0;0;0,4;0,3;18;0;0;0,5;20;0,5;21;;1;1;1;1;1;1;1;1;1;1;1;1;1;1;1;1;1;1;1;1;1;1;1;1;1;1;1;1;1;1;0;
02141009;1;01/10/1957;1;15;42;2;3;1;1;0;;0;14;15;0;0;0;0;0;0;0;0;0;0;0;0;0;0;0;0;0;0;0;0;0;0;0;0;0;0;0;0;13;1;1;1;1;1;1;1;1;1;1;1;1;1;1;1;1;1;1;1;1;1;1;1;1;1;1;1;1;1;1;1;
02141009;1;01/11/1957;1;58;149,6;8;15;1;1;0;;0;0;0;0;0,4;11;0;0,5;58;24;0;0;0;0;17;0;0;0,2;11;0,2;0,4;0;11;0,7;14;0,7;0;0;0;0,5;0;;1;1;1;1;1;1;1;1;1;1;1;1;1;1;1;1;1;1;1;1;1;1;1;1;1;1;1;1;1;1;0;
02141009;1;01/12/1957;1;61;375,2;3;19;1;1;0;;0;0;32;61;42;55;0,4;15;25;23;0,5;25;0,6;0,3;0;36;0,6;45;0,3;13;0;0,3;0;0;0,2;0;0;0;0;0;0;0;1;1;1;1;1;1;1;1;1;1;1;1;1;1;1;1;1;1;1;1;1;1;1;1;1;1;1;1;1;1;1;
02141009;2;01/01/1939;1;50;80,3;25;10;1;1;0;;0;0,5;0;0;0;0;0;0;0;0;0;0;0;0,5;0;0;0;0,9;0,5;0,6;0;0;0;0;0,5;50;0,5;25,4;0,9;0;0;0;1;1;1;1;1;1;1;1;1;1;1;1;1;1;1;1;1;1;1;1;1;1;1;1;1;1;1;1;1;1;1;
02141009;2;01/02/1939;1;25;25,7;9;2;1;1;0;;0;0;0;0;0;0;0;0;0;25;0;0,7;0;0;0;0;0;0;0;0;0;0;0;0;0;0;0;0;0;;;;1;1;1;1;1;1;1;1;1;1;1;1;1;1;1;1;1;1;1;1;1;1;1;1;1;1;1;1;0;0;0;
02141009;2;01/03/1939;1;25;35;30;2;1;1;0;;0;0;0;0;0;0;0;0;0;0;0;0;0;0;0;0;0;0;0;0;0;0;0;0;10;0;0;0;0;0;25;0;1;1;1;1;1;1;1;1;1;1;1;1;1;1;1;1;1;1;1;1;1;1;1;1;1;1;1;1;1;1;1;
02141009;2;01/04/1939;1;25;84,5;6;5;1;1;0;;0;0;0;0;0;0;25;21;0;0;0;0;0;0,5;23;0;0;0;0;15;0;0;0;0;0;0;0;0;0;0;0;;1;1;1;1;1;1;1;1;1;1;1;1;1;1;1;1;1;1;1;1;1;1;1;1;1;1;1;1;1;1;0;
02141009;2;01/05/1939;1;12;12;2;1;1;1;0;;0;0;12;0;0;0;0;0;0;0;0;0;0;0;0;0;0;0;0;0;0;0;0;0;0;0;0;0;0;0;0;0;1;1;1;1;1;1;1;1;1;1;1;1;1;1;1;1;1;1;1;1;1;1;1;1;1;1;1;1;1;1;1;
02141009;2;01/06/1939;1;14;15;2;4;1;1;0;;0;0,4;14;0;0;0,3;0;0;0;0;0;0;0;0;0;0;0;0;0;0;0;0;0;0;0;0;0;0;0;0;0,3;;1;1;1;1;1;1;1;1;1;1;1;1;1;1;1;1;1;1;1;1;1;1;1;1;1;1;1;1;1;1;0;
02141009;2;01/07/1939;1;10;10;18;1;1;1;0;;0;0;0;0;0;0;0;0;0;0;0;0;0;0;0;0;0;0;10;0;0;0;0;0;0;0;0;0;0;0;0;0;1;1;1;1;1;1;1;1;1;1;1;1;1;1;1;1;1;1;1;1;1;1;1;1;1;1;1;1;1;1;1;
02141009;2;01/08/1939;1;14;14,9;24;2;1;1;0;;0;0;0;0;0;0;0;0;0;0;0;0;0;0;0;0;0;0;0;0;0;0;0;0;14;0;0;0,9;0;0;0;0;1;1;1;1;1;1;1;1;1;1;1;1;1;1;1;1;1;1;1;1;1;1;1;1;1;1;1;1;1;1;1;
02141009;2;01/09/1939;1;;22,3;;;0;2;0;;0;;;;;;;;;;;;;;;;;;;;;;;;;;;;;;;;0;0;0;0;0;0;0;0;0;0;0;0;0;0;0;0;0;0;0;0;0;0;0;0;0;0;0;0;0;0;0;
02141009;2;01/10/1939;1;18;35,5;5;5;1;1;0;;0;0;0;0,6;0;18;0,4;0;0;0;0;0;0;0;0;0;0;0;0;0,5;0;0;0;16;0;0;0;0;0;0;0;0;1;1;1;1;1;1;1;1;1;1;1;1;1;1;1;1;1;1;1;1;1;1;1;1;1;1;1;1;1;1;1;
02141009;2;01/11/1939;1;29;116;28;5;1;1;0;;0;0;0;0;0;0;0;0;0;0;0;19;0;0;0;0;0;0;0;0;0;25;0;25;0;0;0;18;29;0;0;;1;1;1;1;1;1;1;1;1;1;1;1;1;1;1;1;1;1;1;1;1;1;1;1;1;1;1;1;1;1;0;
02141009;2;01/12/1939;1;25,4;62,1;9;8;1;1;0;;0;0;0,3;0;0;0;0;0,3;0,5;25,4;0,3;0;0;0;0;0;0;0;0;12;0;0;0;0;0,3;0;0;0;23;0;0;0;1;1;1;1;1;1;1;1;1;1;1;1;1;1;1;1;1;1;1;1;1;1;1;1;1;1;1;1;1;1;1;
02141009;2;01/01/1940;1;25,9;147,2;30;8;1;1;0;877,2;1;0;0;0;0;0;0;0;0;18;0;0;0;0;0;0;0;0;0;0;25,3;0;0,4;12;25,6;0;0;0;15;25;25,9;0;1;1;1;1;1;1;1;1;1;1;1;1;1;1;1;1;1;1;1;1;1;1;1;1;1;1;1;1;1;1;1;
02141009;2;01/02/1940;1;19;107,6;5;8;1;1;0;877,2;1;0;0;0;0;19;16;0,6;18;0;0;0;0;0;0;0;0;0;0;0;0;14;0;15;0;0;12;13;0;0;;;1;1;1;1;1;1;1;1;1;1;1;1;1;1;1;1;1;1;1;1;1;1;1;1;1;1;1;1;1;0;0;
02141009;2;01/03/1940;1;25,3;99,8;16;8;1;1;0;877,2;1;0,5;0;0;13;0;0;0;0;0;0;0;12;0,4;0;0,6;25,3;0;0;0;0;23;25;0;0;0;0;0;0;0;0;0;1;1;1;1;1;1;1;1;1;1;1;1;1;1;1;1;1;1;1;1;1;1;1;1;1;1;1;1;1;1;1;
02141009;2;01/04/1940;1;16;31,3;30;3;1;1;0;877,2;1;0;0;0;0;0;0;0,3;0;0;0;0;0;0;0;0;0;0;15;0;0;0;0;0;0;0;0;0;0;0;16;;1;1;1;1;1;1;1;1;1;1;1;1;1;1;1;1;1;1;1;1;1;1;1;1;1;1;1;1;1;1;0;
02141009;2;01/05/1940;1;13;14,6;19;4;1;1;0;877,2;1;0,6;0;0;0;0;0;0,7;0;0;0;0;0;0;0;0;0;0;0;13;0,3;0;0;0;0;0;0;0;0;0;0;0;1;1;1;1;1;1;1;1;1;1;1;1;1;1;1;1;1;1;1;1;1;1;1;1;1;1;1;1;1;1;1;
02141009;2;01/06/1940;1;25,7;39;9;3;1;1;0;877,2;1;0;0;0;0;0;0;0;13;25,7;0,3;0;0;0;0;0;0;0;0;0;0;0;0;0;0;0;0;0;0;0;0;;1;1;1;1;1;1;1;1;1;1;1;1;1;1;1;1;1;1;1;1;1;1;1;1;1;1;1;1;1;1;0;
02141009;2;01/07/1940;1;0,4;0,7;25;2;1;1;0;877,2;1;0;0;0;0;0;0;0;0;0,3;0;0;0;0;0;0;0;0;0;0;0;0;0;0;0;0,4;0;0;0;0;0;0;1;1;1;1;1;1;1;1;1;1;1;1;1;1;1;1;1;1;1;1;1;1;1;1;1;1;1;1;1;1;1;
02141009;2;01/08/1940;1;0,7;1,2;27;2;1;1;0;877,2;1;0;0;0;0,5;0;0;0;0;0;0;0;0;0;0;0;0;0;0;0;0;0;0;0;0;0;0;0,7;0;0;0;0;1;1;1;1;1;1;1;1;1;1;1;1;1;1;1;1;1;1;1;1;1;1;1;1;1;1;1;1;1;1;1;
02141009;2;01/09/1940;1;25;94,2;25;6;1;1;0;877,2;1;0;0;0;0;0;0;0;0;0;0;0;0;16;0;0;0;0;0;0;0;0;0;0;0,2;25;17;18;18;0;0;;1;1;1;1;1;1;1;1;1;1;1;1;1;1;1;1;1;1;1;1;1;1;1;1;1;1;1;1;1;1;0;
02141009;2;01/10/1940;1;25,9;98,5;27;8;1;1;0;877,2;1;0;0;0;0;0;0;0;0;0;0;0;18;0,3;0;0;0;0;0;0;20;0;0,7;0;0;0;0;25,9;0,6;21;0;12;1;1;1;1;1;1;1;1;1;1;1;1;1;1;1;1;1;1;1;1;1;1;1;1;1;1;1;1;1;1;1;
02141009;2;01/11/1940;1;47;219,5;23;14;1;1;0;877,2;1;0;0;0;0;0;25,5;16;0;25,9;23;0,6;0,3;0;0,6;0,6;43;0;13;0;0;0;0,6;47;0,4;0;0;0;0;0;23;;1;1;1;1;1;1;1;1;1;1;1;1;1;1;1;1;1;1;1;1;1;1;1;1;1;1;1;1;1;1;0;
02141009;2;01/12/1940;1;12;23,6;22;4;1;1;0;877,2;1;0;0;0;0;0;0;0;0;0;0;0;0;0,2;0;0;0;0;0,4;0;0;0;12;0;11;0;0;0;0;0;0;0;1;1;1;1;1;1;1;1;1;1;1;1;1;1;1;1;1;1;1;1;1;1;1;1;1;1;1;1;1;1;1;
02141009;2;01/01/1941;1;42;134,8;14;13;1;1;0;968;1;23;10;0,4;0;0;0;0;0;0;0;0;0;0;42;21;0;0;0;17;0,6;0,7;0,4;0;0,2;0,6;18;0;0,9;0;0;0;1;1;1;1;1;1;1;1;1;1;1;1;1;1;1;1;1;1;1;1;1;1;1;1;1;1;1;1;1;1;1;
02141009;2;01/02/1941;1;50,8;62,6;23;6;1;1;0;968;1;0;0;0;0;0;0;0;0;0;0;0;0;0;0;0;0;0;0;10;0,3;0;0;50,8;0,7;0,6;0,2;0;0;;;;1;1;1;1;1;1;1;1;1;1;1;1;1;1;1;1;1;1;1;1;1;1;1;1;1;1;1;1;0;0;0;
02141009;2;01/03/1941;1;25;72,9;19;7;1;1;0;968;1;0,6;0;0;0;0;0;0,9;0;0;0;0;0;0;0;0;0;20;0,5;25;25;0;0;0;0;0;0;0;0,9;0;0;0;1;1;1;1;1;1;1;1;1;1;1;1;1;1;1;1;1;1;1;1;1;1;1;1;1;1;1;1;1;1;1;
02141009;2;01/04/1941;1;22;66,5;1;8;1;1;0;968;1;22;10;0,5;0,3;11;0;0;0,3;22;0;0;0;0;0;0;0;0;0;0;0,4;0;0;0;0;0;0;0;0;0;0;;1;1;1;1;1;1;1;1;1;1;1;1;1;1;1;1;1;1;1;1;1;1;1;1;1;1;1;1;1;1;0;
02141009;2;01/05/1941;1;25,3;61,2;8;6;1;1;0;968;1;0;0;0;0;0;0;0;25,3;0,3;0;0;0;0;0;0;0;0;0,6;0;0;0;0;0;13;11;0;0;0;0;0;11;1;1;1;1;1;1;1;1;1;1;1;1;1;1;1;1;1;1;1;1;1;1;1;1;1;1;1;1;1;1;1;
02141009;2;01/06/1941;1;14;15;14;2;1;1;0;968;1;0;0;0;0;0;0;0;1;0;0;0;0;0;14;0;0;0;0;0;0;0;0;0;0;0;0;0;0;0;0;;1;1;1;1;1;1;1;1;1;1;1;1;1;1;1;1;1;1;1;1;1;1;1;1;1;1;1;1;1;1;0;
02141009;2;01/07/1941;1;55;94,3;9;4;1;1;0;968;1;0;0;0;0;0;0;0;0;55;0;19;0;0;0;0;0;0,3;0;0;20;0;0;0;0;0;0;0;0;0;0;0;1;1;1;1;1;1;1;1;1;1;1;1;1;1;1;1;1;1;1;1;1;1;1;1;1;1;1;1;1;1;1;
02141009;2;01/08/1941;1;0,5;0,7;18;2;1;1;0;968;1;0;0;0;0;0;0;0;0;0;0;0;0;0;0;0;0;0;0,5;0;0;0;0;0;0;0;0;0,2;0;0;0;0;1;1;1;1;1;1;1;1;1;1;1;1;1;1;1;1;1;1;1;1;1;1;1;1;1;1;1;1;1;1;1;
02141009;2;01/09/1941;1;25,6;56,6;15;10;1;1;0;968;1;0;0;0;16;0;0;12;0;0;0;0;0;0;0;25,6;0,4;0;0,3;0,6;0;0;0,4;0;0;0,4;0,3;0;0,6;0;0;;1;1;1;1;1;1;1;1;1;1;1;1;1;1;1;1;1;1;1;1;1;1;1;1;1;1;1;1;1;1;0;
02141009;2;01/10/1941;1;25,9;28,6;22;6;1;1;0;968;1;0;0;0;0;0;0;0;0;0;0,7;0;0,6;0;0;0;0;0,5;0,6;0,3;0;0;25,9;0;0;0;0;0;0;0;0;0;1;1;1;1;1;1;1;1;1;1;1;1;1;1;1;1;1;1;1;1;1;1;1;1;1;1;1;1;1;1;1;
02141009;2;01/11/1941;1;24;85,7;24;6;1;1;0;968;1;0;0;0;0;0;0;23;22;16;0;0;0;0;0;0;0;0;0,3;0;0;0,4;0;0;24;0;0;0;0;0;0;;1;1;1;1;1;1;1;1;1;1;1;1;1;1;1;1;1;1;1;1;1;1;1;1;1;1;1;1;1;1;0;
02141009;2;01/12/1941;1;50,8;289,1;16;11;1;1;0;968;1;0;0;50,3;0;50,6;13;0;0;0;0;0;22;0;0;0;50,8;0;0;0;0;0;25,9;0;0;50;14;11;0;0;0,8;0,7;1;1;1;1;1;1;1;1;1;1;1;1;1;1;1;1;1;1;1;1;1;1;1;1;1;1;1;1;1;1;1;
02141009;2;01/01/1942;1;50,9;181,2;2;12;1;1;0;1280,8;1;0,3;50,9;0;0,9;0;20;0,4;50,9;25,2;0;0;0,7;0;0;0;0;0;0,5;21;0;0;0;0;0;0,4;10;0;0;0;0;0;1;1;1;1;1;1;1;1;1;1;1;1;1;1;1;1;1;1;1;1;1;1;1;1;1;1;1;1;1;1;1;
02141009;2;01/02/1942;1;0,6;0,9;13;2;1;1;0;1280,8;1;0;0;0;0;0;0;0;0;0;0;0;0;0,6;0;0;0;0;0;0;0,3;0;0;0;0;0;0;0;0;;;;1;1;1;1;1;1;1;1;1;1;1;1;1;1;1;1;1;1;1;1;1;1;1;1;1;1;1;1;0;0;0;
02141009;2;01/03/1942;1;75;147,4;5;6;1;1;0;1280,8;1;16;0,4;11;21;75;0;24;0;0;0;0;0;0;0;0;0;0;0;0;0;0;0;0;0;0;0;0;0;0;0;0;1;1;1;1;1;1;1;1;1;1;1;1;1;1;1;1;1;1;1;1;1;1;1;1;1;1;1;1;1;1;1;
02141009;2;01/04/1942;1;65,9;89,9;21;9;1;1;0;1280,8;1;0;0;0;0;0;0;0;0;11;0,2;0;0;0;0;0;0;0,7;0;0,4;10;65,9;0,7;0,3;0,7;0;0;0;0;0;0;;1;1;1;1;1;1;1;1;1;1;1;1;1;1;1;1;1;1;1;1;1;1;1;1;1;1;1;1;1;1;0;
02141009;2;01/05/1942;1;0,9;1,4;23;3;1;1;0;1280,8;1;0;0;0;0;0;0;0;0,2;0;0;0;0;0;0;0;0;0;0;0;0;0;0;0,9;0,3;0;0;0;0;0;0;0;1;1;1;1;1;1;1;1;1;1;1;1;1;1;1;1;1;1;1;1;1;1;1;1;1;1;1;1;1;1;1;
02141009;2;01/06/1942;1;0,8;2,1;28;4;1;1;0;1280,8;1;0;0;0;0;0;0;0;0;0;0;0;0;0;0;0;0;0;0;0;0;0;0;0,4;0;0;0;0,5;0,8;0,4;0;;1;1;1;1;1;1;1;1;1;1;1;1;1;1;1;1;1;1;1;1;1;1;1;1;1;1;1;1;1;1;0;
02141009;2;01/07/1942;1;10;11,4;12;3;1;1;0;1280,8;1;0,5;0;0;0;0;0;0;0;0;0;0;10;0;0;0;0;0;0;0;0;0;0;0;0,9;0;0;0;0;0;0;0;1;1;1;1;1;1;1;1;1;1;1;1;1;1;1;1;1;1;1;1;1;1;1;1;1;1;1;1;1;1;1;
02141009;2;01/08/1942;1;50;85,5;9;5;1;1;0;1280,8;1;0;0;18;0;0,3;0,2;0;0;50;0;0;0;17;0;0;0;0;0;0;0;0;0;0;0;0;0;0;0;0;0;0;1;1;1;1;1;1;1;1;1;1;1;1;1;1;1;1;1;1;1;1;1;1;1;1;1;1;1;1;1;1;1;
02141009;2;01/09/1942;1;25,2;26,5;17;4;1;1;0;1280,8;1;0;0;0;0;0;0;0;0;0;0;0;0;0;0;0;0;25,2;0,8;0;0;0;0;0;0;0;0;0,2;0;0;0,3;;1;1;1;1;1;1;1;1;1;1;1;1;1;1;1;1;1;1;1;1;1;1;1;1;1;1;1;1;1;1;0;
02141009;2;01/10/1942;1;42;145,7;16;14;1;1;0;1280,8;1;0,4;0;0,3;0,4;0,2;0;0;0;0,2;0,4;0;0;0;0;15;42;0;25,7;0;0;0;0;0;0;12;0,6;38;0;10;0;0,5;1;1;1;1;1;1;1;1;1;1;1;1;1;1;1;1;1;1;1;1;1;1;1;1;1;1;1;1;1;1;1;
02141009;2;01/11/1942;1;28;161,8;10;13;1;1;0;1280,8;1;0;0;0;0;0;0;0;0;25,7;28;0;0;0;0,6;19;0,9;10;4,4;12;0,8;25,1;10;0,3;0;0;0;0;25;0;0;;1;1;1;1;1;1;1;1;1;1;1;1;1;1;1;1;1;1;1;1;1;1;1;1;1;1;1;1;1;1;0;
02141009;2;01/12/1942;1;58;427;16;19;1;1;0;1280,8;1;0;15;36;39;15;0;4;5;57;0;9;0;0;0;30;58;20;14;8;0;0;0;0;0;0;12;24;8;23;9;41;1;1;1;1;1;1;1;1;1;1;1;1;1;1;1;1;1;1;1;1;1;1;1;1;1;1;1;1;1;1;1;
02141009;2;01/01/1943;1;62;244;6;15;1;1;0;1043;1;9;0;0;23;32;62;12;10;18;0;0;8;2;0;0;11;12;3;0;14;16;0;0;0;0;12;0;0;0;0;0;1;1;1;1;1;1;1;1;1;1;1;1;1;1;1;1;1;1;1;1;1;1;1;1;1;1;1;1;1;1;1;
02141009;2;01/02/1943;1;16;53,6;3;9;1;1;0;1043;1;0;0,4;16;14;0;0;0;0;0;0;0;1;10;0,8;11;0,2;0;0,2;0;0;0;0;0;0;0;0;0;0;;;;1;1;1;1;1;1;1;1;1;1;1;1;1;1;1;1;1;1;1;1;1;1;1;1;1;1;1;1;0;0;0;
02141009;2;01/03/1943;1;64;125,3;3;10;1;1;0;1043;1;0;0;64;0;0;0;0,3;0,2;10;8;0;0,3;0;0;0,6;0;0;0;0;0,3;0,6;0;0;0;0;0;0;0;0;0;41;1;1;1;1;1;1;1;1;1;1;1;1;1;1;1;1;1;1;1;1;1;1;1;1;1;1;1;1;1;1;1;
02141009;2;01/04/1943;1;11;12,5;3;6;1;1;0;1043;1;0;0;11;0;0;0;0;0;0;0;0;0;0;0,1;0;0,2;0;0,3;0,7;0;0;0;0;0;0;0,2;0;0;0;0;;1;1;1;1;1;1;1;1;1;1;1;1;1;1;1;1;1;1;1;1;1;1;1;1;1;1;1;1;1;1;0;
02141009;2;01/05/1943;1;0,5;0,9;13;3;1;1;0;1043;1;0;0,1;0;0;0,3;0;0;0;0;0;0;0;0,5;0;0;0;0;0;0;0;0;0;0;0;0;0;0;0;0;0;0;1;1;1;1;1;1;1;1;1;1;1;1;1;1;1;1;1;1;1;1;1;1;1;1;1;1;1;1;1;1;1;
02141009;2;01/06/1943;1;16;18,6;8;9;1;1;0;1043;1;0;0;0;0;0;0,5;0;16;0;0,2;0;0;0;0,2;0;0;0;0,7;0,3;0,5;0,1;0;0;0;0;0;0;0,1;0;0;;1;1;1;1;1;1;1;1;1;1;1;1;1;1;1;1;1;1;1;1;1;1;1;1;1;1;1;1;1;1;0;
02141009;2;01/07/1943;1;0,7;0,7;23;1;1;1;0;1043;1;0;0;0;0;0;0;0;0;0;0;0;0;0;0;0;0;0;0;0;0;0;0;0,7;0;0;0;0;0;0;0;0;1;1;1;1;1;1;1;1;1;1;1;1;1;1;1;1;1;1;1;1;1;1;1;1;1;1;1;1;1;1;1;
02141009;2;01/08/1943;1;20;21;5;5;1;1;0;1043;1;0;0;0;0,2;20;0;0;0,3;0;0;0;0;0;0;0;0;0;0;0;0;0;0;0;0,2;0,3;0;0;0;0;0;0;1;1;1;1;1;1;1;1;1;1;1;1;1;1;1;1;1;1;1;1;1;1;1;1;1;1;1;1;1;1;1;
02141009;2;01/09/1943;1;24;25,9;14;8;1;1;0;1043;1;0;0;0,3;0;0;0,3;0,5;0;0;0;0;0;0;24;0;0;0;0;0;0;0;0;0;0;0,4;0,2;0,1;0;0,1;0;;1;1;1;1;1;1;1;1;1;1;1;1;1;1;1;1;1;1;1;1;1;1;1;1;1;1;1;1;1;1;0;
02141009;2;01/10/1943;1;50,1;233,1;14;22;1;1;0;1043;1;0;0;0,1;0,3;10;25,8;0,1;0,4;0;0;0,1;0,1;0,1;50,1;33;17;10;0,1;0;0;0;37;10;0,2;0;0;0,5;15;0,2;11;12;1;1;1;1;1;1;1;1;1;1;1;1;1;1;1;1;1;1;1;1;1;1;1;1;1;1;1;1;1;1;1;
02141009;2;01/11/1943;1;59;105,4;19;11;1;1;0;1043;1;0,8;0;0;10;0,3;0;0;0;0;0;0,2;0;0;0;0;0;0;0;59;0;0,4;0;0,6;0,9;0,1;0;0;33;0,1;0;;1;1;1;1;1;1;1;1;1;1;1;1;1;1;1;1;1;1;1;1;1;1;1;1;1;1;1;1;1;1;0;
02141009;2;01/12/1943;1;63;202;21;15;1;1;0;1043;1;0,3;27;0,4;0;0,3;0,2;0;18;0;0;0;0,3;0;0,5;0;0;10;0,6;0,4;40;63;25;16;0;0;0;0;0;0;0;0;1;1;1;1;1;1;1;1;1;1;1;1;1;1;1;1;1;1;1;1;1;1;1;1;1;1;1;1;1;1;1;
02141009;2;01/01/1944;1;40;110,4;24;9;1;1;0;1051,8;1;0;0;0;0;0;0;0;0;0;0;0;0;0;0;0;0;0,7;20;0;33;0;0;0,4;40;0,1;0,7;0,5;0;15;0;0;1;1;1;1;1;1;1;1;1;1;1;1;1;1;1;1;1;1;1;1;1;1;1;1;1;1;1;1;1;1;1;
02141009;2;01/02/1944;1;62;163,7;5;20;1;1;0;1051,8;1;0,2;0,8;0,4;0,6;62;0,8;0,1;0,1;52;0,7;0,2;0,8;0,6;21;0;0,2;0,8;0,6;21;0,2;0;0;0;0;0;0;0,6;0;0;;;1;1;1;1;1;1;1;1;1;1;1;1;1;1;1;1;1;1;1;1;1;1;1;1;1;1;1;1;1;0;0;
02141009;2;01/03/1944;1;10;15,3;23;14;1;1;0;1051,8;1;0;0;0;0;0;0;0;0;0,9;0,1;0;0;0;0,5;0,2;0,3;0,4;0,8;0,9;0,1;0;0;10;0,1;0,1;0;0;0,8;0,1;0;0;1;1;1;1;1;1;1;1;1;1;1;1;1;1;1;1;1;1;1;1;1;1;1;1;1;1;1;1;1;1;1;
02141009;2;01/04/1944;1;65;156,8;17;11;1;1;0;1051,8;1;0,3;0;0;0;0;0;0;0;0;0;0;63;0;0;0,1;13;65;0,6;0,7;13;0,5;0,5;0,1;0;0;0;0;0;0;0;;1;1;1;1;1;1;1;1;1;1;1;1;1;1;1;1;1;1;1;1;1;1;1;1;1;1;1;1;1;1;0;
02141009;2;01/05/1944;1;61;102;11;11;1;1;0;1051,8;1;0,2;0;0;0;0,8;0,6;0,8;0;0;0;61;0;0;0;0;0;0,4;11;0,1;0;0;12;0,1;0;15;0;0;0;0;0;0;1;1;1;1;1;1;1;1;1;1;1;1;1;1;1;1;1;1;1;1;1;1;1;1;1;1;1;1;1;1;1;
02141009;2;01/06/1944;1;0,4;1,3;8;6;1;1;0;1051,8;1;0;0;0;0,2;0;0;0;0,4;0;0;0;0;0;0;0;0;0;0;0;0;0;0;0;0;0;0;0,1;0,2;0,1;0,3;;1;1;1;1;1;1;1;1;1;1;1;1;1;1;1;1;1;1;1;1;1;1;1;1;1;1;1;1;1;1;0;
02141009;2;01/07/1944;1;14;29,2;6;10;1;1;0;1051,8;1;0,2;0;0;0;0;14;0;0;0;0,1;0,5;0;0;0,1;13;0;0;0;0;0;0;0;0;0;0,1;0,3;0,7;0,2;0;0;0;1;1;1;1;1;1;1;1;1;1;1;1;1;1;1;1;1;1;1;1;1;1;1;1;1;1;1;1;1;1;1;
02141009;2;01/08/1944;1;0,5;1,3;2;6;1;1;0;1051,8;1;0,4;0,5;0,1;0;0;0;0;0;0;0,1;0;0;0;0;0;0;0;0;0,1;0;0,1;0;0;0;0;0;0;0;0;0;0;1;1;1;1;1;1;1;1;1;1;1;1;1;1;1;1;1;1;1;1;1;1;1;1;1;1;1;1;1;1;1;
02141009;2;01/09/1944;1;0,8;0,9;3;2;1;1;0;1051,8;1;0;0;0,8;0;0;0;0;0,1;0;0;0;0;0;0;0;0;0;0;0;0;0;0;0;0;0;0;0;0;0;0;;1;1;1;1;1;1;1;1;1;1;1;1;1;1;1;1;1;1;1;1;1;1;1;1;1;1;1;1;1;1;0;
02141009;2;01/10/1944;1;23;45,7;29;6;1;1;0;1051,8;1;0;0;0;0;0;0;0;0;0;0;0;0;0;0;0,3;0;0;0;0;0,1;0;0;0;0;0;10;0,3;0;23;12;0;1;1;1;1;1;1;1;1;1;1;1;1;1;1;1;1;1;1;1;1;1;1;1;1;1;1;1;1;1;1;1;
02141009;2;01/11/1944;1;18;102,7;15;12;1;1;0;1051,8;1;11;0;0;0;0;0;14;0,4;0,1;0;0;0;0;0;18;0;0;12;0;0;0;0;15;14;17;0;0,7;0,2;0;0,3;;1;1;1;1;1;1;1;1;1;1;1;1;1;1;1;1;1;1;1;1;1;1;1;1;1;1;1;1;1;1;0;
02141009;2;01/12/1944;1;63;322,5;3;13;1;1;0;1051,8;1;22;0,7;63;47;0,6;0;35;0;0;21;0;0;0;0;0;0;0;0;56;0;0;0;0,2;12;11;11;43;0;0;0;0;1;1;1;1;1;1;1;1;1;1;1;1;1;1;1;1;1;1;1;1;1;1;1;1;1;1;1;1;1;1;1;
02141009;2;01/01/1945;1;49;149,9;12;18;1;1;0;893,4;1;0;11;0,1;0,3;0,4;0;0,3;37;0,7;0;0,9;49;0,1;0;0;0;0;0;0,3;0,1;0,1;14;11;0;0;14;10;0,6;0;0;0;1;1;1;1;1;1;1;1;1;1;1;1;1;1;1;1;1;1;1;1;1;1;1;1;1;1;1;1;1;1;1;
02141009;2;01/02/1945;1;36;73,5;12;9;1;1;0;893,4;1;0,6;21;0;0,1;0;0;0;0;0;0;0,4;36;0,4;0,1;0;0;0;0;0;0;0;0;0;0;0;0;0,9;14;;;;1;1;1;1;1;1;1;1;1;1;1;1;1;1;1;1;1;1;1;1;1;1;1;1;1;1;1;1;0;0;0;
02141009;2;01/03/1945;1;45;87,7;2;15;1;1;0;893,4;1;0,1;45;0,2;0,8;0;0;0,1;0;0;12;0,6;0;0,7;0;0;0;0;0;0,2;0,1;0,2;0,3;0;0;0;12;15;0;0,4;0;0;1;1;1;1;1;1;1;1;1;1;1;1;1;1;1;1;1;1;1;1;1;1;1;1;1;1;1;1;1;1;1;
02141009;2;01/04/1945;1;64;188,1;11;13;1;1;0;893,4;1;0,4;0,3;31;38;12;0,7;0;0;0;0,2;64;13;0;0;0;0;0;0;0,3;0,1;0,1;0;0;0;0;0;0;0;0;28;;1;1;1;1;1;1;1;1;1;1;1;1;1;1;1;1;1;1;1;1;1;1;1;1;1;1;1;1;1;1;0;
02141009;2;01/05/1945;1;21;23,1;15;8;1;1;0;893,4;1;0;0;0;0;0;0;0;0;0;0;0;0,2;0;0;21;0,2;0;0,9;0;0;0;0,3;0,3;0;0,1;0;0;0,1;0;0;0;1;1;1;1;1;1;1;1;1;1;1;1;1;1;1;1;1;1;1;1;1;1;1;1;1;1;1;1;1;1;1;
02141009;2;01/06/1945;1;12;13,5;24;5;1;1;0;893,4;1;0;0;0;0;0;0;0;0;0;0;0;0;0;0;0;0;0;0;0;0;0,4;0;0,1;12;0,8;0,2;0;0;0;0;;1;1;1;1;1;1;1;1;1;1;1;1;1;1;1;1;1;1;1;1;1;1;1;1;1;1;1;1;1;1;0;
02141009;2;01/07/1945;1;0,6;1,2;13;4;1;1;0;893,4;1;0;0;0;0;0;0;0;0;0;0;0;0,1;0,6;0,3;0,2;0;0;0;0;0;0;0;0;0;0;0;0;0;0;0;0;1;1;1;1;1;1;1;1;1;1;1;1;1;1;1;1;1;1;1;1;1;1;1;1;1;1;1;1;1;1;1;
02141009;2;01/08/1945;1;17;18,1;20;5;1;1;0;893,4;1;0;0;0;0;0;0;0,1;0;0;0;0;0;0;0;0;0;0;0;0;17;0,6;0,2;0;0;0;0;0;0;0;0;0,2;1;1;1;1;1;1;1;1;1;1;1;1;1;1;1;1;1;1;1;1;1;1;1;1;1;1;1;1;1;1;1;
02141009;2;01/09/1945;1;17;36,3;10;13;1;1;0;893,4;1;15;0,3;0,2;0,4;0,5;0;0;0;0;17;0,1;0,4;0;0;0;0;0,2;0;0;0,6;0,9;0;0;0;0;0;0;0;0,1;0,6;;1;1;1;1;1;1;1;1;1;1;1;1;1;1;1;1;1;1;1;1;1;1;1;1;1;1;1;1;1;1;0;
02141009;2;01/10/1945;1;12;24,7;6;6;1;1;0;893,4;1;0;0;0;0;0,1;12;0,2;0,3;0,1;0;0;0;0;0;0;0;0;0;0;0;0;0;0;0;0;0;12;0;0;0;0;1;1;1;1;1;1;1;1;1;1;1;1;1;1;1;1;1;1;1;1;1;1;1;1;1;1;1;1;1;1;1;
02141009;2;01/11/1945;1;44;149,4;13;14;1;1;0;893,4;1;0,2;23;11;0;0;0;0;0;0,1;0;0;0;44;0,5;0;0;0;14;0;0;0;16;0,6;15;12;12;0,4;0;0,6;0;;1;1;1;1;1;1;1;1;1;1;1;1;1;1;1;1;1;1;1;1;1;1;1;1;1;1;1;1;1;1;0;
02141009;2;01/12/1945;1;37;127,9;21;20;1;1;0;893,4;1;0;0;0;0;0;0,1;0,1;0;16;14;0,7;0;0,2;0,1;0,2;0,7;0,1;0,1;0,1;0,3;37;20;0,1;0;0,9;0;0;0,2;27;10;0;1;1;1;1;1;1;1;1;1;1;1;1;1;1;1;1;1;1;1;1;1;1;1;1;1;1;1;1;1;1;1;
02141009;2;01/01/1946;1;29;54,9;14;8;1;1;0;887,2;1;14;0,3;0;10;0,4;0;0;0;0;0;0;0;0;29;0,6;0;0;0;0;0,5;0,1;0;0;0;0;0;0;0;0;0;0;1;1;1;1;1;1;1;1;1;1;1;1;1;1;1;1;1;1;1;1;1;1;1;1;1;1;1;1;1;1;1;
02141009;2;01/02/1946;1;12;12,6;10;3;1;1;0;887,2;1;0;0;0;0;0;0;0;0;0;12;0;0,2;0;0;0;0;0;0;0;0;0;0,4;0;0;0;0;0;0;;;;1;1;1;1;1;1;1;1;1;1;1;1;1;1;1;1;1;1;1;1;1;1;1;1;1;1;1;1;0;0;0;
02141009;2;01/03/1946;1;44;140,4;14;11;1;1;0;887,2;1;0;0;0;0;0;0;14;0;0;0;0;0;0;44;30;12;0,8;0,2;0,8;0,1;0,3;0;0;0,2;38;0;0;0;0;0;0;1;1;1;1;1;1;1;1;1;1;1;1;1;1;1;1;1;1;1;1;1;1;1;1;1;1;1;1;1;1;1;
02141009;2;01/04/1946;1;56;164,6;9;12;1;1;0;887,2;1;0;22;0,8;0,6;16;0;0;0;56;0;0;14;0,5;0;0;0;0;21;0,2;0;0;31;0,1;0;0;0;0;0;2,4;0;;1;1;1;1;1;1;1;1;1;1;1;1;1;1;1;1;1;1;1;1;1;1;1;1;1;1;1;1;1;1;0;
02141009;2;01/05/1946;1;50;50,5;27;2;1;1;0;887,2;1;0;0;0;0,5;0;0;0;0;0;0;0;0;0;0;0;0;0;0;0;0;0;0;0;0;0;0;50;0;0;0;0;1;1;1;1;1;1;1;1;1;1;1;1;1;1;1;1;1;1;1;1;1;1;1;1;1;1;1;1;1;1;1;
02141009;2;01/06/1946;1;15;15,5;2;3;1;1;0;887,2;1;0;15;0,3;0;0;0;0;0,2;0;0;0;0;0;0;0;0;0;0;0;0;0;0;0;0;0;0;0;0;0;0;;1;1;1;1;1;1;1;1;1;1;1;1;1;1;1;1;1;1;1;1;1;1;1;1;1;1;1;1;1;1;0;
02141009;2;01/07/1946;1;0,5;1;4;3;1;1;0;887,2;1;0;0;0;0,5;0;0;0;0;0;0;0;0;0;0;0;0;0;0,4;0;0;0;0;0;0,1;0;0;0;0;0;0;0;1;1;1;1;1;1;1;1;1;1;1;1;1;1;1;1;1;1;1;1;1;1;1;1;1;1;1;1;1;1;1;
02141009;2;01/08/1946;1;0,6;2;12;5;1;1;0;887,2;1;0,5;0;0;0;0;0;0;0;0;0;0,4;0,6;0;0;0;0;0;0;0;0;0;0;0,1;0,4;0;0;0;0;0;0;0;1;1;1;1;1;1;1;1;1;1;1;1;1;1;1;1;1;1;1;1;1;1;1;1;1;1;1;1;1;1;1;
02141009;2;01/09/1946;1;15;17,7;30;8;1;1;0;887,2;1;0;0;0;0;0;0;0;0;0;0,3;0,5;0;0;0;0;0,1;0,1;0;0;0;0;0;0;0;0;0,1;0;0,8;0,8;15;;1;1;1;1;1;1;1;1;1;1;1;1;1;1;1;1;1;1;1;1;1;1;1;1;1;1;1;1;1;1;0;
02141009;2;01/10/1946;1;61;176,2;24;12;1;1;0;887,2;1;0;0;0;0;0;0;0;0,4;0;0;0;0;0;0;0;0,2;13;0;27;0,1;18;11;0,4;61;33;12;0,1;0;0;0;0;1;1;1;1;1;1;1;1;1;1;1;1;1;1;1;1;1;1;1;1;1;1;1;1;1;1;1;1;1;1;1;
02141009;2;01/11/1946;1;62;157,3;9;12;1;1;0;887,2;1;0;0,1;0;0;0;0;0;21;62;0,5;0,4;0,1;0;0;0;0;0;0;0;0;35;0,5;0;0;0,5;25;0;0;12;0,2;;1;1;1;1;1;1;1;1;1;1;1;1;1;1;1;1;1;1;1;1;1;1;1;1;1;1;1;1;1;1;0;
02141009;2;01/12/1946;1;45;94,5;26;16;1;1;0;887,2;1;0,4;0;0;0;0;0,5;0,4;0,5;12;0;0;0;0;0;0,3;0,3;0,9;0;0;0;0;0;0,1;0,6;17;45;0,9;0,4;15;0,2;0;1;1;1;1;1;1;1;1;1;1;1;1;1;1;1;1;1;1;1;1;1;1;1;1;1;1;1;1;1;1;1;
02141009;2;01/01/1947;1;25;81,5;21;6;1;1;0;;0;0;0;0;0;21;0;0;0;0,3;0;0;0;0;0;0;0;0;0;0,2;12;25;0;0;23;0;0;0;0;0;0;0;1;1;1;1;1;1;1;1;1;1;1;1;1;1;1;1;1;1;1;1;1;1;1;1;1;1;1;1;1;1;1;
02141009;2;01/02/1947;1;33;181,9;18;10;1;1;0;;0;0;0;0;0;0;0;0;0;0;0;0;0;0;0;0,8;30;18;33;19;0;0;16;21;29;0;15;0;0,1;;;;1;1;1;1;1;1;1;1;1;1;1;1;1;1;1;1;1;1;1;1;1;1;1;1;1;1;1;1;0;0;0;
02141009;2;01/03/1947;1;48;125,9;15;13;1;1;0;;0;0;0;0;0;0;0;0,6;0,3;0;0;0;0,4;0;0;48;0,2;0;34;0,2;0,7;0;0;23;0;0;0,2;17;0,7;0,6;0;0;1;1;1;1;1;1;1;1;1;1;1;1;1;1;1;1;1;1;1;1;1;1;1;1;1;1;1;1;1;1;1;
02141009;2;01/04/1947;1;;18,8;;;0;2;0;;0;;;;;;;;;;;;;;;;;;;;;;;;;;;;;;;;0;0;0;0;0;0;0;0;0;0;0;0;0;0;0;0;0;0;0;0;0;0;0;0;0;0;0;0;0;0;0;
02141009;2;01/05/1947;1;;9,9;;;0;2;0;;0;;;;;;;;;;;;;;;;;;;;;;;;;;;;;;;;0;0;0;0;0;0;0;0;0;0;0;0;0;0;0;0;0;0;0;0;0;0;0;0;0;0;0;0;0;0;0;
02141009;2;01/06/1947;1;0,1;0,2;17;2;1;1;0;;0;0;0;0;0;0;0;0;0;0;0;0;0;0;0;0;0;0,1;0;0;0;0;0;0;0;0;0,1;0;0;0;0;;1;1;1;1;1;1;1;1;1;1;1;1;1;1;1;1;1;1;1;1;1;1;1;1;1;1;1;1;1;1;0;
02141009;2;01/07/1947;1;19;21,9;9;10;1;1;0;;0;0;0;0;0;0;0,6;0;0,9;19;0;0;0;0;0;0;0;0;0,4;0,1;0;0,4;0,2;0,1;0,1;0;0;0;0,1;0;0;0;1;1;1;1;1;1;1;1;1;1;1;1;1;1;1;1;1;1;1;1;1;1;1;1;1;1;1;1;1;1;1;
02141009;2;01/08/1947;1;25;63,6;11;9;1;1;0;;0;0;0;0;0;0;0;0;0;0,3;0;25;20;0;0;0;0;0;0;0;0;0;0;0;0,2;0,5;0,6;0,4;0,6;16;0;0;1;1;1;1;1;1;1;1;1;1;1;1;1;1;1;1;1;1;1;1;1;1;1;1;1;1;1;1;1;1;1;
02141009;2;01/09/1947;1;27;76,6;14;9;1;1;0;;0;0;0;0;24;11;0,2;0;0,6;0;0;0;0;0;27;0,3;0;0;0;0;0;0;0;0;0;0;13;0,4;0,1;0;0;;1;1;1;1;1;1;1;1;1;1;1;1;1;1;1;1;1;1;1;1;1;1;1;1;1;1;1;1;1;1;0;
02141009;2;01/10/1947;1;24;119,4;29;18;1;1;0;;0;0;0;0,9;0,2;0,9;0,3;3,3;0,9;14;0;0,6;0;0;0;17;0,2;0,1;0;0;0,9;0;0;19;14;22;0;0;0;24;0,7;0,4;1;1;1;1;1;1;1;1;1;1;1;1;1;1;1;1;1;1;1;1;1;1;1;1;1;1;1;1;1;1;1;
02141009;2;01/11/1947;1;24;89;14;14;1;1;0;;0;19;0,4;11;0,8;0;0,3;0;0,3;11;6;0;0;15;24;0,6;0;0;0;0;0;0;0;0;0;0,2;0,2;0,2;0;0;0;;1;1;1;1;1;1;1;1;1;1;1;1;1;1;1;1;1;1;1;1;1;1;1;1;1;1;1;1;1;1;0;
02141009;2;01/12/1947;1;33;207,8;11;21;1;1;0;;0;0;13;14;0,3;0;0;0;0;0;22;33;12;0,7;0,2;13;0;0,5;30;0;0,3;0;11;0,1;0,3;0,1;0,5;17;15;0,8;24;0;1;1;1;1;1;1;1;1;1;1;1;1;1;1;1;1;1;1;1;1;1;1;1;1;1;1;1;1;1;1;1;
02141009;2;01/01/1948;1;45;73,2;13;3;1;1;0;945,8;1;0;0;0;0;0;0;0;0;0;0;28;0;45;0;0;0;0;0;0;0;0;0;0;0;0;0;0;0;0;0;0,2;1;1;1;1;1;1;1;1;1;1;1;1;1;1;1;1;1;1;1;1;1;1;1;1;1;1;1;1;1;1;1;
02141009;2;01/02/1948;1;34;118,9;28;13;1;1;0;945,8;1;0;3,7;0;0;0;0;0;0;0;0,3;12;24;0,7;0,2;0;0,4;14;0;0,2;0;0;0;0;0;0,4;0;18;34;11;;;1;1;1;1;1;1;1;1;1;1;1;1;1;1;1;1;1;1;1;1;1;1;1;1;1;1;1;1;1;0;0;
02141009;2;01/03/1948;1;32;139,3;23;11;1;1;0;945,8;1;4;0;0;0;0,6;12;0;0;0;0;0;24;22;0;0;0;0;13;0,3;0;0;0;32;0;12;19;0;0;0;0;0,4;1;1;1;1;1;1;1;1;1;1;1;1;1;1;1;1;1;1;1;1;1;1;1;1;1;1;1;1;1;1;1;
02141009;2;01/04/1948;1;31;31,9;16;6;1;1;0;945,8;1;0,4;0;0;0;0;0;0;0;0;0;0;0;0;0;0,2;31;0;0;0,1;0;0;0,1;0;0;0;0;0;0,1;0;0;;1;1;1;1;1;1;1;1;1;1;1;1;1;1;1;1;1;1;1;1;1;1;1;1;1;1;1;1;1;1;0;
02141009;2;01/05/1948;1;18;60,4;7;13;1;1;0;945,8;1;0;15;0;13;0,4;0,9;18;0,3;0;0,8;0;0;0;0;0;0;0,1;0;0;0;11;0,2;0;0;0;0;0;0;0,4;0,1;0,2;1;1;1;1;1;1;1;1;1;1;1;1;1;1;1;1;1;1;1;1;1;1;1;1;1;1;1;1;1;1;1;
02141009;2;01/06/1948;1;24;41;2;2;1;1;0;945,8;1;0;24;17;0;0;0;0;0;0;0;0;0;0;0;0;0;0;0;0;0;0;0;0;0;0;0;0;0;0;0;;1;1;1;1;1;1;1;1;1;1;1;1;1;1;1;1;1;1;1;1;1;1;1;1;1;1;1;1;1;1;0;
02141009;2;01/07/1948;1;29;30,2;29;5;1;1;0;945,8;1;0;0;0;0;0;0;0;0,2;0;0,4;0;0;0;0;0;0;0;0;0;0;0;0;0;0;0;0;0;0;29;0,1;0,5;1;1;1;1;1;1;1;1;1;1;1;1;1;1;1;1;1;1;1;1;1;1;1;1;1;1;1;1;1;1;1;
02141009;2;01/08/1948;1;0,5;0,9;27;3;1;1;0;945,8;1;0;0;0;0;0;0;0;0;0;0;0;0;0;0;0;0;0;0;0,2;0;0;0;0;0;0;0;0,5;0;0,2;0;0;1;1;1;1;1;1;1;1;1;1;1;1;1;1;1;1;1;1;1;1;1;1;1;1;1;1;1;1;1;1;1;
02141009;2;01/09/1948;1;19;34;11;2;1;1;0;945,8;1;0;0;0;0;0;0;0;0;0;0;19;15;0;0;0;0;0;0;0;0;0;0;0;0;0;0;0;0;0;0;;1;1;1;1;1;1;1;1;1;1;1;1;1;1;1;1;1;1;1;1;1;1;1;1;1;1;1;1;1;1;0;
02141009;2;01/10/1948;1;16;34;6;8;1;1;0;945,8;1;0;0;0;0;0,5;16;15;0,2;0;0;0;0,9;0;0;0,7;0;0,3;0;0;0;0;0;0;0;0,4;0;0;0;0;0;0;1;1;1;1;1;1;1;1;1;1;1;1;1;1;1;1;1;1;1;1;1;1;1;1;1;1;1;1;1;1;1;
02141009;2;01/11/1948;1;62;83;27;10;1;1;0;945,8;1;0;0;0;0;0;0,5;0;0;0,4;0;0;11;3,2;0,5;0;0,2;0;0,5;0;0,4;4,3;0;0;0;0;0;62;0;0;0;;1;1;1;1;1;1;1;1;1;1;1;1;1;1;1;1;1;1;1;1;1;1;1;1;1;1;1;1;1;1;0;
02141009;2;01/12/1948;1;55;299;18;20;1;1;0;945,8;1;0;0;0,3;16;0,3;0,5;0,2;28;51;0,3;31;0,1;0,6;48;19;11;0;55;0,2;0;0;0;0;0,3;0,9;0;0;0;0;0,3;36;1;1;1;1;1;1;1;1;1;1;1;1;1;1;1;1;1;1;1;1;1;1;1;1;1;1;1;1;1;1;1;
02141009;2;01/01/1949;1;25;206,3;30;14;1;1;0;1058,3;1;4;0;0;0;0;0;0;0;15;17;0;0;0;0;0;21;0;0,3;14;19;0;21;0;12;11;10;15;0;0;25;22;1;1;1;1;1;1;1;1;1;1;1;1;1;1;1;1;1;1;1;1;1;1;1;1;1;1;1;1;1;1;1;
02141009;2;01/02/1949;1;37;139,8;25;11;1;1;0;1058,3;1;0,3;0;0,1;0;0;0;0;29;0,2;0;0;0;0;0;0;0;19;0;0;0,9;0,6;0,7;17;35;37;0;0;0;;;;1;1;1;1;1;1;1;1;1;1;1;1;1;1;1;1;1;1;1;1;1;1;1;1;1;1;1;1;0;0;0;
02141009;2;01/03/1949;1;28;55,5;27;6;1;1;0;1058,3;1;0;0;11;0;0;0;0;0;0,8;0;0;0;0;0;0;0;0;0;0;0;0;0;0;0;0;0,3;28;15;0;0;0,4;1;1;1;1;1;1;1;1;1;1;1;1;1;1;1;1;1;1;1;1;1;1;1;1;1;1;1;1;1;1;1;
02141009;2;01/04/1949;1;62;169;3;8;1;1;0;1058,3;1;0;0;62;24;0,9;39;0,5;0;0;0,3;0;0;0;0;0;0;0;0;0;0;0;0;0;0;42;0;0;0,3;0;0;;1;1;1;1;1;1;1;1;1;1;1;1;1;1;1;1;1;1;1;1;1;1;1;1;1;1;1;1;1;1;0;
02141009;2;01/05/1949;1;12;13,1;26;3;1;1;0;1058,3;1;0;0;0;0;0;0;0;0;0;0;0,2;0;0;0;0;0;0;0;0;0;0;0;0;0,9;0;12;0;0;0;0;0;1;1;1;1;1;1;1;1;1;1;1;1;1;1;1;1;1;1;1;1;1;1;1;1;1;1;1;1;1;1;1;
02141009;2;01/06/1949;1;12;15,2;30;8;1;1;0;1058,3;1;0;0;0;0;0;0;0,3;0;0;0;0,4;0,6;0;0;0;0;0,6;0,5;0;0;0;0;0,2;0;0;0;0;0,6;0;12;;1;1;1;1;1;1;1;1;1;1;1;1;1;1;1;1;1;1;1;1;1;1;1;1;1;1;1;1;1;1;0;
02141009;2;01/07/1949;1;0,7;0,7;18;1;1;1;0;1058,3;1;0;0;0;0;0;0;0;0;0;0;0;0;0;0;0;0;0;0,7;0;0;0;0;0;0;0;0;0;0;0;0;0;1;1;1;1;1;1;1;1;1;1;1;1;1;1;1;1;1;1;1;1;1;1;1;1;1;1;1;1;1;1;1;
02141009;2;01/08/1949;1;0,8;2,2;25;4;1;1;0;1058,3;1;0;0;0;0;0;0;0;0;0;0,5;0,4;0;0;0;0;0;0;0;0;0;0;0;0;0;0,8;0,5;0;0;0;0;0;1;1;1;1;1;1;1;1;1;1;1;1;1;1;1;1;1;1;1;1;1;1;1;1;1;1;1;1;1;1;1;
02141009;2;01/09/1949;1;0,5;0,5;12;1;1;1;0;1058,3;1;0;0;0;0;0;0;0;0;0;0;0;0,5;0;0;0;0;0;0;0;0;0;0;0;0;0;0;0;0;0;0;;1;1;1;1;1;1;1;1;1;1;1;1;1;1;1;1;1;1;1;1;1;1;1;1;1;1;1;1;1;1;0;
02141009;2;01/10/1949;1;54;133,4;28;10;1;1;0;1058,3;1;0;0;0;0;0;0;10;0;0;0;0;19;0;0;0;0,5;15;10;0,3;0;24;0;0;0;0;0,4;0;54;0,2;0;0;1;1;1;1;1;1;1;1;1;1;1;1;1;1;1;1;1;1;1;1;1;1;1;1;1;1;1;1;1;1;1;
02141009;2;01/11/1949;1;50;144,2;10;12;1;1;0;1058,3;1;0;0;0,9;0;0;0,5;0;0;0,8;50;0,2;0,6;0;0;0;0;0;0;0;0;19;0,7;0;45;26;0,2;0,3;0;0;0;;1;1;1;1;1;1;1;1;1;1;1;1;1;1;1;1;1;1;1;1;1;1;1;1;1;1;1;1;1;1;0;
02141009;2;01/12/1949;1;62;178,4;15;11;1;1;0;1058,3;1;0;23;0;0;0;0;0;10;0,3;0;0;0;0,9;0,6;62;20;16;0;0;0;0;0;0,6;31;0;0;0;0;14;0;0;1;1;1;1;1;1;1;1;1;1;1;1;1;1;1;1;1;1;1;1;1;1;1;1;1;1;1;1;1;1;1;
02141009;2;01/01/1950;1;62;330,3;12;15;1;1;0;1031;1;0;29;0;0;0;0;0;0;0;0,5;0;62;35;29;0;61;0;0;0;0;0,8;0,5;11;48;25;0,7;0,3;27;0;0,5;0;1;1;1;1;1;1;1;1;1;1;1;1;1;1;1;1;1;1;1;1;1;1;1;1;1;1;1;1;1;1;1;
02141009;2;01/02/1950;1;21;22,1;4;3;1;1;0;1031;1;0;0;0;21;0,8;0;0;0;0;0;0;0;0;0;0;0;0;0;0;0;0;0;0;0;0;0;0,3;0;;;;1;1;1;1;1;1;1;1;1;1;1;1;1;1;1;1;1;1;1;1;1;1;1;1;1;1;1;1;0;0;0;
02141009;2;01/03/1950;1;62;172,8;16;12;1;1;0;1031;1;0;0;0;0;0;0;0;0;0;0,4;21;0;0;0,6;0;62;16;15;0,6;10;14;0,2;0;16;17;0;0;0;0;0;0;1;1;1;1;1;1;1;1;1;1;1;1;1;1;1;1;1;1;1;1;1;1;1;1;1;1;1;1;1;1;1;
02141009;2;01/04/1950;1;26;38,7;29;6;1;1;0;1031;1;0;0;0;0;0,3;0,4;0,2;0;0;0;0;0;0;0;0,8;0;0;0;0;0;0;0;0;0;0;0;11;0;26;0;;1;1;1;1;1;1;1;1;1;1;1;1;1;1;1;1;1;1;1;1;1;1;1;1;1;1;1;1;1;1;0;
02141009;2;01/05/1950;1;12;14;5;7;1;1;0;1031;1;0;0;0;0,4;12;0;0;0;0;0;0,4;0,2;0,3;0,4;0;0;0;0;0;0;0;0;0;0;0;0;0;0;0;0,3;0;1;1;1;1;1;1;1;1;1;1;1;1;1;1;1;1;1;1;1;1;1;1;1;1;1;1;1;1;1;1;1;
02141009;2;01/06/1950;1;33;33,7;10;4;1;1;0;1031;1;0,2;0;0;0;0;0;0,2;0;0;33;0;0;0;0;0;0;0;0;0;0;0;0;0;0;0,3;0;0;0;0;0;;1;1;1;1;1;1;1;1;1;1;1;1;1;1;1;1;1;1;1;1;1;1;1;1;1;1;1;1;1;1;0;
02141009;2;01/07/1950;1;0,7;1,4;15;3;1;1;0;1031;1;0;0,5;0;0;0;0;0;0;0;0;0;0;0;0;0,7;0;0,2;0;0;0;0;0;0;0;0;0;0;0;0;0;0;1;1;1;1;1;1;1;1;1;1;1;1;1;1;1;1;1;1;1;1;1;1;1;1;1;1;1;1;1;1;1;
02141009;2;01/08/1950;1;3,1;4,4;2;3;1;1;0;1031;1;0;3,1;0,4;0;0;0;0;0;0;0;0;0;0;0;0;0;0;0;0;0;0;0,9;0;0;0;0;0;0;0;0;0;1;1;1;1;1;1;1;1;1;1;1;1;1;1;1;1;1;1;1;1;1;1;1;1;1;1;1;1;1;1;1;
02141009;2;01/09/1950;1;15;16,6;23;6;1;1;0;1031;1;0;0;0;0;0;0;0;0;0;0;0;0;0;0;0,4;0;0;0;0;0;0;0,3;15;0,3;0,2;0,4;0;0;0;0;;1;1;1;1;1;1;1;1;1;1;1;1;1;1;1;1;1;1;1;1;1;1;1;1;1;1;1;1;1;1;0;
02141009;2;01/10/1950;1;26;83,3;23;7;1;1;0;1031;1;0,6;0,9;0;0;0;0;0;0;0;0;0;0;0;0,8;0;0;21;0;0;10;0;0;26;0;24;0;0;0;0;0;0;1;1;1;1;1;1;1;1;1;1;1;1;1;1;1;1;1;1;1;1;1;1;1;1;1;1;1;1;1;1;1;
02141009;2;01/11/1950;1;63;270,1;9;14;1;1;0;1031;1;0,2;0;0;0;0;0,3;26;0;63;0,3;0;0;0;0;0;0;18;58;22;21;0;19;15;0,3;13;0;0;14;0;0;;1;1;1;1;1;1;1;1;1;1;1;1;1;1;1;1;1;1;1;1;1;1;1;1;1;1;1;1;1;1;0;
02141009;2;01/12/1950;1;18;43,6;17;12;1;1;0;1031;1;0,7;0;0;0;0;0,4;11;0,7;0;0;0;0;0,3;0,2;10;0,4;18;0,5;0,8;0,6;0;0;0;0;0;0;0;0;0;0;0;1;1;1;1;1;1;1;1;1;1;1;1;1;1;1;1;1;1;1;1;1;1;1;1;1;1;1;1;1;1;1;
02141009;2;01/01/1951;1;30;92,1;12;10;1;1;0;820,7;1;0;0;0;0;0;0;0,6;16;0,8;0,5;0,2;30;0;0;0;0;0,7;25;0;0;0;0;18;0,3;0;0;0;0;0;0;0;1;1;1;1;1;1;1;1;1;1;1;1;1;1;1;1;1;1;1;1;1;1;1;1;1;1;1;1;1;1;1;
02141009;2;01/02/1951;1;38;125,8;24;10;1;1;0;820,7;1;0;0;0;0;0;0;0;2,5;0,8;19;0;0;0;0;0;0;0;12;21;0;18;0,3;0,2;38;0;0;0;14;;;;1;1;1;1;1;1;1;1;1;1;1;1;1;1;1;1;1;1;1;1;1;1;1;1;1;1;1;1;0;0;0;
02141009;2;01/03/1951;1;56;140,3;19;9;1;1;0;820,7;1;0;0;0;0;0;0;26;0;0,2;0;0;0;0;0;0;0;0;0;56;0;0;0;10;25;0,4;0,4;22;0,3;0;0;0;1;1;1;1;1;1;1;1;1;1;1;1;1;1;1;1;1;1;1;1;1;1;1;1;1;1;1;1;1;1;1;
02141009;2;01/04/1951;1;19;60,1;27;7;1;1;0;820,7;1;0;0;0;0,4;0;0;0;0;12;0;0;0;0;0;0,3;0;0;0;18;0;0;0;0;0;0;0;19;0;0,4;10;;1;1;1;1;1;1;1;1;1;1;1;1;1;1;1;1;1;1;1;1;1;1;1;1;1;1;1;1;1;1;0;
02141009;2;01/05/1951;1;14;15,5;24;5;1;1;0;820,7;1;0,4;0,2;0;0;0;0;0;0;0,4;0;0;0;0;0,5;0;0;0;0;0;0;0;0;0;14;0;0;0;0;0;0;0;1;1;1;1;1;1;1;1;1;1;1;1;1;1;1;1;1;1;1;1;1;1;1;1;1;1;1;1;1;1;1;
02141009;2;01/06/1951;1;15;31,1;12;10;1;1;0;820,7;1;0;0;0;0;0;0;0,2;0,3;0;0,7;12;15;0,6;0;0,4;0;0,9;0,7;0,3;0;0;0;0;0;0;0;0;0;0;0;;1;1;1;1;1;1;1;1;1;1;1;1;1;1;1;1;1;1;1;1;1;1;1;1;1;1;1;1;1;1;0;
02141009;2;01/07/1951;1;22;23;4;4;1;1;0;820,7;1;0;0;0;22;0,2;0;0;0,2;0;0;0;0;0;0;0;0;0;0;0;0;0;0;0;0;0;0;0,6;0;0;0;0;1;1;1;1;1;1;1;1;1;1;1;1;1;1;1;1;1;1;1;1;1;1;1;1;1;1;1;1;1;1;1;
02141009;2;01/08/1951;1;0,6;1;7;2;1;1;0;820,7;1;0;0;0;0;0;0;0,6;0;0;0;0;0,4;0;0;0;0;0;0;0;0;0;0;0;0;0;0;0;0;0;0;0;1;1;1;1;1;1;1;1;1;1;1;1;1;1;1;1;1;1;1;1;1;1;1;1;1;1;1;1;1;1;1;
02141009;2;01/09/1951;1;0,8;0,8;30;1;1;1;0;820,7;1;0;0;0;0;0;0;0;0;0;0;0;0;0;0;0;0;0;0;0;0;0;0;0;0;0;0;0;0;0;0,8;;1;1;1;1;1;1;1;1;1;1;1;1;1;1;1;1;1;1;1;1;1;1;1;1;1;1;1;1;1;1;0;
02141009;2;01/10/1951;1;30;55;20;3;1;1;0;820,7;1;0;0;0;0;0;0;0;0;0;0;0;0;0;0;0;0;0;0;12;30;13;0;0;0;0;0;0;0;0;0;0;1;1;1;1;1;1;1;1;1;1;1;1;1;1;1;1;1;1;1;1;1;1;1;1;1;1;1;1;1;1;1;
02141009;2;01/11/1951;1;41;100;25;4;1;1;0;820,7;1;0;0;0;0;0;0;0;0;0;0;12;0;0;0;0;0;0;0;0;0;0;0;0;0;41;17;30;0;0;0;;1;1;1;1;1;1;1;1;1;1;1;1;1;1;1;1;1;1;1;1;1;1;1;1;1;1;1;1;1;1;0;
02141009;2;01/12/1951;1;54;176;8;14;1;1;0;820,7;1;0;0,7;10;0,3;0;0;0,4;54;0;0,5;0;0;0;0;0;28;0;0;0;0;0;40;0;4,8;0,3;1,6;21;0;14;0,4;0;1;1;1;1;1;1;1;1;1;1;1;1;1;1;1;1;1;1;1;1;1;1;1;1;1;1;1;1;1;1;1;
02141009;2;01/01/1952;1;50;155,8;26;17;1;1;0;;0;17;0;0,2;0;0;0,4;0,3;0,9;0;0;0;0;14;0,3;32;0,9;0,3;0,8;0;0;0;0;10;10;18;50;0,4;0;0;0;0,3;1;1;1;1;1;1;1;1;1;1;1;1;1;1;1;1;1;1;1;1;1;1;1;1;1;1;1;1;1;1;1;
02141009;2;01/02/1952;1;30;167,8;28;15;1;1;0;;0;0;18;25;0;12;19;0,3;0,2;0,4;0;0;0;0,9;0,8;22;0;0;0;0;0;0;0;0,2;0;14;0;11;30;14;;;1;1;1;1;1;1;1;1;1;1;1;1;1;1;1;1;1;1;1;1;1;1;1;1;1;1;1;1;1;0;0;
02141009;2;01/03/1952;1;32;103,6;12;5;1;1;0;;0;15;28;28;0,6;0;0;0;0;0;0;0;32;0;0;0;0;0;0;0;0;0;0;0;0;0;0;0;0;0;0;0;1;1;1;1;1;1;1;1;1;1;1;1;1;1;1;1;1;1;1;1;1;1;1;1;1;1;1;1;1;1;1;
02141009;2;01/04/1952;1;16;33,4;12;6;1;1;0;;0;0;0;0;0;0;0;0;0,6;0;0;0;16;0;0;0;0;0;0;0;0;0;0,5;0,2;16;0;0;0;0;0,1;0;;1;1;1;1;1;1;1;1;1;1;1;1;1;1;1;1;1;1;1;1;1;1;1;1;1;1;1;1;1;1;0;
02141009;2;01/05/1952;1;11;11,4;7;2;1;1;0;;0;0;0;0;0;0;0;11;0;0;0;0;0;0;0;0;0;0;0;0;0;0;0;0;0;0;0,4;0;0;0;0;0;1;1;1;1;1;1;1;1;1;1;1;1;1;1;1;1;1;1;1;1;1;1;1;1;1;1;1;1;1;1;1;
02141009;2;01/06/1952;1;16;27,4;17;6;1;1;0;;0;0;0;0;0;0;0,2;0;0;0;0,3;0,3;0;10;0;0;0;16;0,6;0;0;0;0;0;0;0;0;0;0;0;0;;1;1;1;1;1;1;1;1;1;1;1;1;1;1;1;1;1;1;1;1;1;1;1;1;1;1;1;1;1;1;0;
02141009;2;01/07/1952;1;;14,4;;;0;2;0;;0;;;;;;;;;;;;;;;;;;;;;;;;;;;;;;;;0;0;0;0;0;0;0;0;0;0;0;0;0;0;0;0;0;0;0;0;0;0;0;0;0;0;0;0;0;0;0;
02141009;2;01/08/1952;1;14;26,7;20;5;1;1;0;;0;0;0;0;0;0;0,7;0;0;0;0;0;0;0;0;0;0;0;0;0;14;0;0,4;0;0,6;0;0;11;0;0;0;0;1;1;1;1;1;1;1;1;1;1;1;1;1;1;1;1;1;1;1;1;1;1;1;1;1;1;1;1;1;1;1;
02141009;2;01/09/1952;1;14;53,3;9;6;1;1;0;;0;0;0;0;0;0;0,1;0;0;14;0;0;0;0;0;0;0;0;13;0;14;12;0,2;0;0;0;0;0;0;0;0;;1;1;1;1;1;1;1;1;1;1;1;1;1;1;1;1;1;1;1;1;1;1;1;1;1;1;1;1;1;1;0;
02141009;2;01/10/1952;1;41;83,5;24;6;1;1;0;;0;0;0;0;0;0;0;0;0;0,3;0;0;0;0;0;0;0;0;0;0;17;0;0;0;41;0,4;0;24;0;0,8;0;0;1;1;1;1;1;1;1;1;1;1;1;1;1;1;1;1;1;1;1;1;1;1;1;1;1;1;1;1;1;1;1;
02141009;2;01/11/1952;1;58;257,2;11;15;1;1;0;;0;0,4;0,3;0,3;23;22;0;0,5;0;50;13;58;0,4;0;0;0;0;0;29;34;0;25;0;0;0;0;0,7;0,6;0;0;0;;1;1;1;1;1;1;1;1;1;1;1;1;1;1;1;1;1;1;1;1;1;1;1;1;1;1;1;1;1;1;0;
02141009;2;01/12/1952;1;40;197,8;6;13;1;1;0;;0;38;0;0;0;13;40;31;0;0;0;0,7;16;18;0,3;0;0,4;0;0;0;25;0,9;14;0;0,5;0;0;0;0;0;0;0;1;1;1;1;1;1;1;1;1;1;1;1;1;1;1;1;1;1;1;1;1;1;1;1;1;1;1;1;1;1;1;
02141009;2;01/01/1953;1;;36;;;0;2;0;;0;;;;;;;;;;;;;;;;;;;;;;;;;;;;;;;;0;0;0;0;0;0;0;0;0;0;0;0;0;0;0;0;0;0;0;0;0;0;0;0;0;0;0;0;0;0;0;
02141009;2;01/02/1953;1;41;135,7;14;6;1;1;0;;0;0;0;22;0;0;0;0;0;0;0;0;0;21;41;19;0,7;0;0;0;0;0;0;0;0;32;0;0;0;;;;1;1;1;1;1;1;1;1;1;1;1;1;1;1;1;1;1;1;1;1;1;1;1;1;1;1;1;1;0;0;0;
02141009;2;01/03/1953;1;22;48,6;22;8;1;1;0;;0;0;0;0;0;0;0;0;0;0;0;0,2;0;0,4;0;0;0;0;0;0;0;0,2;22;12;0;13;0;0;0;0;0,5;0,3;1;1;1;1;1;1;1;1;1;1;1;1;1;1;1;1;1;1;1;1;1;1;1;1;1;1;1;1;1;1;1;
02141009;2;01/04/1953;1;25;57,1;22;11;1;1;0;;0;0;0;0;0;0;0;0;0,5;0,6;0;12;0,7;0;0;0;0;0,2;0,5;0;0;0;25;0,1;0,4;0,1;0;17;0;0;0;;1;1;1;1;1;1;1;1;1;1;1;1;1;1;1;1;1;1;1;1;1;1;1;1;1;1;1;1;1;1;0;
02141009;2;01/05/1953;1;17;45,8;17;8;1;1;0;;0;0;0;0;12;14;0;0;0;0,6;0;0;0,8;0,8;0;0;0;17;0,3;0;0,3;0;0;0;0;0;0;0;0;0;0;0;1;1;1;1;1;1;1;1;1;1;1;1;1;1;1;1;1;1;1;1;1;1;1;1;1;1;1;1;1;1;1;
02141009;2;01/06/1953;1;;12,2;;;0;2;0;;0;;;;;;;;;;;;;;;;;;;;;;;;;;;;;;;;0;0;0;0;0;0;0;0;0;0;0;0;0;0;0;0;0;0;0;0;0;0;0;0;0;0;0;0;0;0;0;
02141009;2;01/07/1953;1;0,3;0,3;10;1;1;1;0;;0;0;0;0;0;0;0;0;0;0;0,3;0;0;0;0;0;0;0;0;0;0;0;0;0;0;0;0;0;0;0;0;0;1;1;1;1;1;1;1;1;1;1;1;1;1;1;1;1;1;1;1;1;1;1;1;1;1;1;1;1;1;1;1;
02141009;2;01/08/1953;1;;20,1;;;0;2;0;;0;;;;;;;;;;;;;;;;;;;;;;;;;;;;;;;;0;0;0;0;0;0;0;0;0;0;0;0;0;0;0;0;0;0;0;0;0;0;0;0;0;0;0;0;0;0;0;
02141009;2;01/09/1953;1;36;89,2;6;5;1;1;0;;0;0,2;0;0;0;0;36;0;0;0;0;15;20;18;0;0;0;0;0;0;0;0;0;0;0;0;0;0;0;0;0;;1;1;1;1;1;1;1;1;1;1;1;1;1;1;1;1;1;1;1;1;1;1;1;1;1;1;1;1;1;1;0;
02141009;2;01/10/1953;1;11;11,8;13;4;1;1;0;;0;0;0;0;0;0;0;0,1;0;0;0;0;0;11;0,2;0;0;0;0;0;0;0;0;0;0;0;0;0;0;0;0;0,5;1;1;1;1;1;1;1;1;1;1;1;1;1;1;1;1;1;1;1;1;1;1;1;1;1;1;1;1;1;1;1;
02141009;2;01/11/1953;1;60;205,6;25;12;1;1;0;;0;20;0;0,1;0,3;0;0;27;33;0,3;0;0;22;0;0;0;0;0;0;0,2;42;0;0;0,2;0,5;60;0;0;0;0;0;;1;1;1;1;1;1;1;1;1;1;1;1;1;1;1;1;1;1;1;1;1;1;1;1;1;1;1;1;1;1;0;
02141009;2;01/12/1953;1;49;180,8;5;14;1;1;0;;0;0,4;0;0;25;49;35;0,3;0,5;0;0;0;0,6;19;0,7;0;0;16;0;0;0;0;0,3;12;0;11;0;0;0;11;0;0;1;1;1;1;1;1;1;1;1;1;1;1;1;1;1;1;1;1;1;1;1;1;1;1;1;1;1;1;1;1;1;
02141009;2;01/01/1954;1;31;31,2;4;2;1;1;0;609,1;1;0;0,2;0;31;0;0;0;0;0;0;0;0;0;0;0;0;0;0;0;0;0;0;0;0;0;0;0;0;0;0;0;1;1;1;1;1;1;1;1;1;1;1;1;1;1;1;1;1;1;1;1;1;1;1;1;1;1;1;1;1;1;1;
02141009;2;01/02/1954;1;0,2;0,2;16;1;1;1;0;609,1;1;0;0;0;0;0;0;0;0;0;0;0;0;0;0;0;0,2;0;0;0;0;0;0;0;0;0;0;0;0;;;;1;1;1;1;1;1;1;1;1;1;1;1;1;1;1;1;1;1;1;1;1;1;1;1;1;1;1;1;0;0;0;
02141009;2;01/03/1954;1;64;185,5;30;6;1;1;0;609,1;1;0;0;0;0;0;0;0;0;0;0;0;0;0;0;0;0;0;0;25;0;18;0;0;17;0;0;0;0,5;0;64;61;1;1;1;1;1;1;1;1;1;1;1;1;1;1;1;1;1;1;1;1;1;1;1;1;1;1;1;1;1;1;1;
02141009;2;01/04/1954;1;31;54,9;1;9;1;1;0;609,1;1;31;0,6;0;0,2;0;0;0;0,6;0,2;0;0;0,7;0,4;21;0;0;0;0;0,2;0;0;0;0;0;0;0;0;0;0;0;;1;1;1;1;1;1;1;1;1;1;1;1;1;1;1;1;1;1;1;1;1;1;1;1;1;1;1;1;1;1;0;
02141009;2;01/05/1954;1;28;90,5;13;5;1;1;0;609,1;1;0;0;23;0;0;17;0;0;0;0;0,5;0;28;0;0;0;0;0;0;0;22;0;0;0;0;0;0;0;0;0;0;1;1;1;1;1;1;1;1;1;1;1;1;1;1;1;1;1;1;1;1;1;1;1;1;1;1;1;1;1;1;1;
02141009;2;01/06/1954;1;0,8;1,4;1;3;1;1;0;609,1;1;0,8;0;0;0;0;0,5;0,1;0;0;0;0;0;0;0;0;0;0;0;0;0;0;0;0;0;0;0;0;0;0;0;;1;1;1;1;1;1;1;1;1;1;1;1;1;1;1;1;1;1;1;1;1;1;1;1;1;1;1;1;1;1;0;
02141009;2;01/07/1954;1;0,6;1,9;19;4;1;1;0;609,1;1;0;0;0;0;0;0;0;0;0;0;0;0;0;0;0;0,2;0;0;0,6;0,5;0;0;0,6;0;0;0;0;0;0;0;0;1;1;1;1;1;1;1;1;1;1;1;1;1;1;1;1;1;1;1;1;1;1;1;1;1;1;1;1;1;1;1;
02141009;2;01/08/1954;1;11;12;28;3;1;1;0;609,1;1;0;0;0;0;0;0;0;0;0;0;0;0;0;0;0;0;0;0;0;0;0;0;0;0;0;0;0,6;11;0;0,4;0;1;1;1;1;1;1;1;1;1;1;1;1;1;1;1;1;1;1;1;1;1;1;1;1;1;1;1;1;1;1;1;
02141009;2;01/09/1954;1;16;16,2;14;2;1;1;0;609,1;1;0;0;0;0;0;0;0;0;0;0;0;0;0;16;0;0,2;0;0;0;0;0;0;0;0;0;0;0;0;0;0;;1;1;1;1;1;1;1;1;1;1;1;1;1;1;1;1;1;1;1;1;1;1;1;1;1;1;1;1;1;1;0;
02141009;2;01/10/1954;1;22;94,3;3;12;1;1;0;609,1;1;0;0,4;22;13;0;0;0,4;0;0;0;0;0,5;0;0;0;0;0,1;0,4;16;0,3;0,2;0;0;0;0;0;0;0;0;20;21;1;1;1;1;1;1;1;1;1;1;1;1;1;1;1;1;1;1;1;1;1;1;1;1;1;1;1;1;1;1;1;
02141009;2;01/11/1954;1;20;66,3;16;8;1;1;0;609,1;1;18;0;0;0;0;0,8;0;0;0;0;12;14;0,2;0;0,6;20;0,7;0;0;0;0;0;0;0;0;0;0;0;0;0;;1;1;1;1;1;1;1;1;1;1;1;1;1;1;1;1;1;1;1;1;1;1;1;1;1;1;1;1;1;1;0;
02141009;2;01/12/1954;1;29;54,7;28;13;1;1;0;609,1;1;0,7;0;0,3;0,4;0;0;0;0,9;0;0,5;0,2;21;0,3;0,4;0;0;0;0;0;0,3;0,1;0;0;0;0;0;0;29;0,6;0;0;1;1;1;1;1;1;1;1;1;1;1;1;1;1;1;1;1;1;1;1;1;1;1;1;1;1;1;1;1;1;1;
02141009;2;01/01/1955;1;33;148,1;2;10;1;1;0;;0;0;33;0;0;0;0;0;0;0;0;0;0;0;21;18;16;0,5;32;0;0;11;0;0,2;0,4;16;0;0;0;0;0;0;1;1;1;1;1;1;1;1;1;1;1;1;1;1;1;1;1;1;1;1;1;1;1;1;1;1;1;1;1;1;1;
02141009;2;01/02/1955;1;13;13,4;6;2;1;1;0;;0;0;0;0;0;0,4;13;0;0;0;0;0;0;0;0;0;0;0;0;0;0;0;0;0;0;0;0;0;0;;;;1;1;1;1;1;1;1;1;1;1;1;1;1;1;1;1;1;1;1;1;1;1;1;1;1;1;1;1;0;0;0;
02141009;2;01/03/1955;1;13;15,4;16;5;1;1;0;;0;0;0;0;0;0;0;0,8;0;0;0;0,9;0;0;0;0;13;0;0;0,3;0;0;0;0;0;0;0;0;0;0;0;0,4;1;1;1;1;1;1;1;1;1;1;1;1;1;1;1;1;1;1;1;1;1;1;1;1;1;1;1;1;1;1;1;
02141009;2;01/04/1955;1;19;75,1;17;11;1;1;0;;0;0;11;0;0,3;16;17;0;0;0,6;0;0,3;0;10;0,4;0;0;19;0;0;0;0;0;0;0;0;0;0;0;0,3;0,2;;1;1;1;1;1;1;1;1;1;1;1;1;1;1;1;1;1;1;1;1;1;1;1;1;1;1;1;1;1;1;0;
02141009;2;01/05/1955;1;18;79,1;31;10;1;1;0;;0;13;0,2;10;0,5;0;10;0;0;0;0;0;0;0;0;0;0;11;0;0;0;0;0;15;0,8;0;0;0;0;0;0,6;18;1;1;1;1;1;1;1;1;1;1;1;1;1;1;1;1;1;1;1;1;1;1;1;1;1;1;1;1;1;1;1;
02141009;2;01/06/1955;1;;22,3;;;0;2;0;;0;;;;;;;;;;;;;;;;;;;;;;;;;;;;;;;;0;0;0;0;0;0;0;0;0;0;0;0;0;0;0;0;0;0;0;0;0;0;0;0;0;0;0;0;0;0;0;
02141009;2;01/07/1955;1;0,9;1,5;9;2;1;1;0;;0;0;0;0;0;0;0;0;0,6;0,9;0;0;0;0;0;0;0;0;0;0;0;0;0;0;0;0;0;0;0;0;0;0;1;1;1;1;1;1;1;1;1;1;1;1;1;1;1;1;1;1;1;1;1;1;1;1;1;1;1;1;1;1;1;
02141009;2;01/08/1955;1;0,4;0,7;6;2;1;1;0;;0;0;0;0;0;0;0,4;0;0;0;0;0;0;0,3;0;0;0;0;0;0;0;0;0;0;0;0;0;0;0;0;0;0;1;1;1;1;1;1;1;1;1;1;1;1;1;1;1;1;1;1;1;1;1;1;1;1;1;1;1;1;1;1;1;
02141009;2;01/09/1955;1;0,8;0,9;26;2;1;1;0;;0;0;0;0;0;0;0;0;0;0;0;0;0;0;0;0;0;0;0,1;0;0;0;0;0;0;0;0,8;0;0;0;0;;1;1;1;1;1;1;1;1;1;1;1;1;1;1;1;1;1;1;1;1;1;1;1;1;1;1;1;1;1;1;0;
02141009;2;01/10/1955;1;14;48,7;16;12;1;1;0;;0;0;0,1;0,2;0;0;0;0;0,3;0,2;0;0;0;0;11;10;14;0,1;0;0;0;0;0;12;0;0,2;0,4;0;0,2;0;0;0;1;1;1;1;1;1;1;1;1;1;1;1;1;1;1;1;1;1;1;1;1;1;1;1;1;1;1;1;1;1;1;
02141009;2;01/11/1955;1;22;157,8;10;14;1;1;0;;0;20;0,4;20;0;0;0;21;0,5;21;22;0,9;0,8;0;0;0;0;0;0,4;0,8;21;0;18;11;0;0;0;0;0;0;0;;1;1;1;1;1;1;1;1;1;1;1;1;1;1;1;1;1;1;1;1;1;1;1;1;1;1;1;1;1;1;0;
02141009;2;01/12/1955;1;25;133,6;17;14;1;1;0;;0;0;0;0;0;0;0;0,3;0;0;21;0;0;0;11;0;0,8;25;0;0,6;0;0;20;18;17;0;0,6;18;0;0,6;0,4;0,3;1;1;1;1;1;1;1;1;1;1;1;1;1;1;1;1;1;1;1;1;1;1;1;1;1;1;1;1;1;1;1;
02141009;2;01/01/1956;1;13;13;2;1;1;1;0;;0;0;13;0;0;0;0;0;0;0;0;0;0;0;0;0;0;0;0;0;0;0;0;0;0;0;0;0;0;0;0;0;1;1;1;1;1;1;1;1;1;1;1;1;1;1;1;1;1;1;1;1;1;1;1;1;1;1;1;1;1;1;1;
02141009;2;01/02/1956;1;19;60,8;29;5;1;1;0;;0;0;0;0;0;0;0;0;0;0;0;0;0;0;0;0;17;13;0;0;0,8;0;0;0;0;0;0;0;11;19;;;1;1;1;1;1;1;1;1;1;1;1;1;1;1;1;1;1;1;1;1;1;1;1;1;1;1;1;1;1;0;0;
02141009;2;01/03/1956;1;20;40,3;19;4;1;1;0;;0;0,8;19;0;0;0;0;0;0;0;0;0,5;0;0;0;0;0;0;0;20;0;0;0;0;0;0;0;0;0;0;0;0;1;1;1;1;1;1;1;1;1;1;1;1;1;1;1;1;1;1;1;1;1;1;1;1;1;1;1;1;1;1;1;
02141009;2;01/04/1956;1;11;24,3;21;8;1;1;0;;0;0;0;0;0;0;0;0;0;0;0;0,8;0,7;0;0;0,3;0;0,7;0;0,6;10;11;0,2;0;0;0;0;0;0;0;0;;1;1;1;1;1;1;1;1;1;1;1;1;1;1;1;1;1;1;1;1;1;1;1;1;1;1;1;1;1;1;0;
02141009;2;01/05/1956;1;15;17,5;17;9;1;1;0;;0;0;0;0;0;0;0;0;0,1;0;0,2;0;0,5;0;0;0;0;15;0;0;0;0,3;0;0;0;0,7;0,2;0;0;0,2;0;0,3;1;1;1;1;1;1;1;1;1;1;1;1;1;1;1;1;1;1;1;1;1;1;1;1;1;1;1;1;1;1;1;
02141009;2;01/06/1956;1;;13,1;;;0;2;0;;0;;;;;;;;;;;;;;;;;;;;;;;;;;;;;;;;0;0;0;0;0;0;0;0;0;0;0;0;0;0;0;0;0;0;0;0;0;0;0;0;0;0;0;0;0;0;0;
02141009;2;01/07/1956;1;;13,8;;;0;2;0;;0;;;;;;;;;;;;;;;;;;;;;;;;;;;;;;;;0;0;0;0;0;0;0;0;0;0;0;0;0;0;0;0;0;0;0;0;0;0;0;0;0;0;0;0;0;0;0;
02141009;2;01/08/1956;1;0,9;2,6;8;7;1;1;0;;0;0;0;0;0,2;0,3;0;0,1;0,9;0;0,2;0;0;0,7;0;0,2;0;0;0;0;0;0;0;0;0;0;0;0;0;0;0;0;1;1;1;1;1;1;1;1;1;1;1;1;1;1;1;1;1;1;1;1;1;1;1;1;1;1;1;1;1;1;1;
02141009;2;01/09/1956;1;25;26,4;28;4;1;1;0;;0;0;0;0;0,3;0;0;0;0;0;0;0;0;0;0;0;0;0;0;0;0;0;0;0;0;0;0;0,3;25;0,8;0;;1;1;1;1;1;1;1;1;1;1;1;1;1;1;1;1;1;1;1;1;1;1;1;1;1;1;1;1;1;1;0;
02141009;2;01/10/1956;1;22;79,9;11;9;1;1;0;;0;0,1;0,4;0;0;0;0;0;0;0;0;22;0,8;0;0;17;0;0;0;0;0;0;0;11;0;0;0;0;0;0,6;17;11;1;1;1;1;1;1;1;1;1;1;1;1;1;1;1;1;1;1;1;1;1;1;1;1;1;1;1;1;1;1;1;
02141009;2;01/11/1956;1;34;73,8;26;15;1;1;0;;0;0,2;0;0;0;10;12;0,6;0;0;13;0;0,7;0,3;0,5;0,8;0;0,3;0;0;0,3;0;0;0;0;0,2;34;0,4;0,5;0;0;;1;1;1;1;1;1;1;1;1;1;1;1;1;1;1;1;1;1;1;1;1;1;1;1;1;1;1;1;1;1;0;
02141009;2;01/12/1956;1;46;190,7;8;13;1;1;0;;0;0;0;0;0;0;0;19;46;15;0,5;0;0;0;0;20;0,8;0;0;0;14;0,4;0,6;0;0;32;30;12;0;0;0;0,4;1;1;1;1;1;1;1;1;1;1;1;1;1;1;1;1;1;1;1;1;1;1;1;1;1;1;1;1;1;1;1;
02141009;2;01/01/1957;1;22;40,6;10;6;1;1;0;;0;16;0,4;0;0,6;0;0;0;0;0;22;0;0;0;0;0;0;0;0,9;0,7;0;0;0;0;0;0;0;0;0;0;0;0;1;1;1;1;1;1;1;1;1;1;1;1;1;1;1;1;1;1;1;1;1;1;1;1;1;1;1;1;1;1;1;
02141009;2;01/02/1957;1;62;149,4;11;9;1;1;0;;0;0;0;0;0;0;0;0;0;0;0,5;62;26;0;0,5;10;19;0;0;0,4;0;0;13;0;18;0;0;0;0;;;;1;1;1;1;1;1;1;1;1;1;1;1;1;1;1;1;1;1;1;1;1;1;1;1;1;1;1;1;0;0;0;
02141009;2;01/03/1957;1;46;125,8;24;9;1;1;0;;0;0;0;0,9;0;0;0;0,7;0;0;0,2;0;0;10;19;20;0;0;0;11;0;0;0;18;46;0;0;0;0;0;0;0;1;1;1;1;1;1;1;1;1;1;1;1;1;1;1;1;1;1;1;1;1;1;1;1;1;1;1;1;1;1;1;
02141009;2;01/04/1957;1;61;175;10;8;1;1;0;;0;0;0,1;0;0;15;21;60;0;0;61;0,7;0;0;17;0;0;0;0;0;0;0;0;0;0;0;0;0;0;0;0,2;;1;1;1;1;1;1;1;1;1;1;1;1;1;1;1;1;1;1;1;1;1;1;1;1;1;1;1;1;1;1;0;
02141009;2;01/05/1957;1;17;31,8;6;11;1;1;0;;0;0;0;0;0,5;0,7;17;10;0;0,8;0;0,7;0,5;0;0;0;0;0;0;0;0;0;0;0;0;0;0;0,7;0,2;0;0,4;0,3;1;1;1;1;1;1;1;1;1;1;1;1;1;1;1;1;1;1;1;1;1;1;1;1;1;1;1;1;1;1;1;
02141009;2;01/06/1957;1;;15,8;;;0;2;0;;0;;;;;;;;;;;;;;;;;;;;;;;;;;;;;;;;0;0;0;0;0;0;0;0;0;0;0;0;0;0;0;0;0;0;0;0;0;0;0;0;0;0;0;0;0;0;0;
02141009;2;01/07/1957;1;;16,3;;;0;2;0;;0;;;;;;;;;;;;;;;;;;;;;;;;;;;;;;;;0;0;0;0;0;0;0;0;0;0;0;0;0;0;0;0;0;0;0;0;0;0;0;0;0;0;0;0;0;0;0;
02141009;2;01/08/1957;1;0,1;0,1;31;1;1;1;0;;0;0;0;0;0;0;0;0;0;0;0;0;0;0;0;0;0;0;0;0;0;0;0;0;0;0;0;0;0;0;0;0,1;1;1;1;1;1;1;1;1;1;1;1;1;1;1;1;1;1;1;1;1;1;1;1;1;1;1;1;1;1;1;1;
02141009;2;01/09/1957;1;21;88,9;30;14;1;1;0;;0;0,2;0;0,8;0,6;0;0;0;0;0,3;0;0;0;11;15;0;0;0;0;0,3;0;0;0,4;0,3;18;0;0;0,5;20;0,5;21;;1;1;1;1;1;1;1;1;1;1;1;1;1;1;1;1;1;1;1;1;1;1;1;1;1;1;1;1;1;1;0;
02141009;2;01/10/1957;1;15;42;2;3;1;1;0;;0;14;15;0;0;0;0;0;0;0;0;0;0;0;0;0;0;0;0;0;0;0;0;0;0;0;0;0;0;0;0;13;1;1;1;1;1;1;1;1;1;1;1;1;1;1;1;1;1;1;1;1;1;1;1;1;1;1;1;1;1;1;1;
02141009;2;01/11/1957;1;58;149,6;8;15;1;1;0;;0;0;0;0;0,4;11;0;0,5;58;24;0;0;0;0;17;0;0;0,2;11;0,2;0,4;0;11;0,7;14;0,7;0;0;0;0,5;0;;1;1;1;1;1;1;1;1;1;1;1;1;1;1;1;1;1;1;1;1;1;1;1;1;1;1;1;1;1;1;0;
02141009;2;01/12/1957;1;61;375,2;3;19;1;1;0;;0;0;32;61;42;55;0,4;15;25;23;0,5;25;0,6;0,3;0;36;0,6;45;0,3;13;0;0,3;0;0;0,2;0;0;0;0;0;0;0;1;1;1;1;1;1;1;1;1;1;1;1;1;1;1;1;1;1;1;1;1;1;1;1;1;1;1;1;1;1;1;
